
===== Last Election voting process ======

Stamp Counts Table:
Candidates  2374  1595  1127  205  2743  404  2255  1882  2561  56  2467  1497  701  1783  2046  2909  605  2321  2632  NullCandidate
Stage                                                                                                                                
0            136    92    12   74    64    8    33    14    15  31    29    13    8    31     1    25    0    14     0              0
1             97    44    40   89    48   22    20     4    15  29    34    17   29    39     7    42    8    16     0              0
2             50    44    39   26    41   37    20    40    21  39    71    18   30    46    28    35    4    11     0              0
3             27    26    31   35    48   41    52    17    32  29    51    27   26    62    30    30   16    20     0              0
4             42    41    44   32    70   30    34    48    28  31    24    20   20    36    52    20    5    23     0              0
5             41    41    36   36    54   78    52    28    31  31    30    26   31     9    19    27   19     8     1              2
6             38    38    22   26    61   39    40    39    23  36    37    24   31    42    16    25   27    22     0             14
7             36    37    40   31    48   48    38    25    31  14    27    36   38    33    23    27   21    21     2             24
8             32    36    25   34    35   54    27    23    30  24    22    35   30    26    29    24   23    20     8             63
9             24    20    41   41    23   34    20    33    32  23    31    32   33    16    46    14   19    23     9             86
10            30    37    39   31     7   30    26    43    15  27    20    37   35    32    34    15   25    16     8             93
11             9    28    35   24    13   19    51    30    28  35    14    46   49    28    24    39   26    21    20             61
12             8    42    30   20    13   34    26    30    46  35    23    25   40    18    34    25   27    20    36             68
13            13    24    34   20    14   16    18    44    59  26    17    26   26    29    37    29   43    29    44             52
14             2     7    28   13    20   26    21    44    38  44    14    63   33    17    42    41   28    31    67             21
15             5    15    34   19     9   15    23    28    29  32    29    31   18    10    47    27   43    72   109              5
16             5    19    36   17     5   19    18    41    42  32    33    28   23    17    20    24   73    77    66              5
17             4     8    28   23    11   33    29    50    32  52    53    50   20    21    16    30   29    46    61              4
18             1     1     6    9    15   16    47    11    42  14    20    25   33    40    42    47  104    39    84              4
19             0     0     0    0     1    1     5     8    11  16    21    21   47    48    53    54   60    71    85             98

Processed Vote Counts Table:
Candidates  2374  1595  1127  205  2743  404  2255  1882  2561   56  2467  1497  701  1783  2046  2909  605  2321  2632  NullCandidate
Stage                                                                                                                                 
0            136    92    12   74    64    8    33    14    15   31    29    13    8    31     1    25    0    14     0              0
1            233   136    52  163   112   30    53    18    30   60    63    30   37    70     8    67    8    30     0              0
2            283   180    91  189   153   67    73    58    51   99   134    48   67   116    36   102   12    41     0              0
3            310   206   122  224   201  108   125    75    83  128   185    75   93   178    66   132   28    61     0              0
4            352   247   166  256   271  138   159   123   111  159   209    95  113   214   118   152   33    84     0              0
5            393   288   202  292   325  216   211   151   142  190   239   121  144   223   137   179   52    92     1              2
6            431   326   224  318   386  255   251   190   165  226   276   145  175   265   153   204   79   114     1             16
7            467   363   264  349   434  303   289   215   196  240   303   181  213   298   176   231  100   135     3             40
8            499   399   289  383   469  357   316   238   226  264   325   216  243   324   205   255  123   155    11            103
9            523   419   330  424   492  391   336   271   258  287   356   248  276   340   251   269  142   178    20            189
10           553   456   369  455   499  421   362   314   273  314   376   285  311   372   285   284  167   194    28            282
11           562   484   404  479   512  440   413   344   301  349   390   331  360   400   309   323  193   215    48            343
12           570   526   434  499   525  474   439   374   347  384   413   356  400   418   343   348  220   235    84            411
13           583   550   468  519   539  490   457   418   406  410   430   382  426   447   380   377  263   264   128            463
14           585   557   496  532   559  516   478   462   444  454   444   445  459   464   422   418  291   295   195            484
15           590   572   530  551   568  531   501   490   473  486   473   476  477   474   469   445  334   367   304            489
16           595   591   566  568   573  550   519   531   515  518   506   504  500   491   489   469  407   444   370            494
17           599   599   594  591   584  583   548   581   547  570   559   554  520   512   505   499  436   490   431            498
18           600   600   600  600   599  599   595   592   589  584   579   579  553   552   547   546  540   529   515            502
19           600   600   600  600   600  600   600   600   600  600   600   600  600   600   600   600  600   600   600            600

Score(%) of Candidates Table:
Candidates        2374        1595        1127         205        2743         404        2255        1882        2561          56        2467        1497         701        1783        2046        2909         605        2321        2632  NullCandidate
Stage                                                                                                                                                                                                                                                        
0            22.666667   15.333333    2.000000   12.333333   10.666667    1.333333    5.500000    2.333333    2.500000    5.166667    4.833333    2.166667    1.333333    5.166667    0.166667    4.166667    0.000000    2.333333    0.000000       0.000000
1            38.833333   22.666667    8.666667   27.166667   18.666667    5.000000    8.833333    3.000000    5.000000   10.000000   10.500000    5.000000    6.166667   11.666667    1.333333   11.166667    1.333333    5.000000    0.000000       0.000000
2            47.166667   30.000000   15.166667   31.500000   25.500000   11.166667   12.166667    9.666667    8.500000   16.500000   22.333333    8.000000   11.166667   19.333333    6.000000   17.000000    2.000000    6.833333    0.000000       0.000000
3            51.666667   34.333333   20.333333   37.333333   33.500000   18.000000   20.833333   12.500000   13.833333   21.333333   30.833333   12.500000   15.500000   29.666667   11.000000   22.000000    4.666667   10.166667    0.000000       0.000000
4            58.666667   41.166667   27.666667   42.666667   45.166667   23.000000   26.500000   20.500000   18.500000   26.500000   34.833333   15.833333   18.833333   35.666667   19.666667   25.333333    5.500000   14.000000    0.000000       0.000000
5            65.500000   48.000000   33.666667   48.666667   54.166667   36.000000   35.166667   25.166667   23.666667   31.666667   39.833333   20.166667   24.000000   37.166667   22.833333   29.833333    8.666667   15.333333    0.166667       0.333333
6            71.833333   54.333333   37.333333   53.000000   64.333333   42.500000   41.833333   31.666667   27.500000   37.666667   46.000000   24.166667   29.166667   44.166667   25.500000   34.000000   13.166667   19.000000    0.166667       2.666667
7            77.833333   60.500000   44.000000   58.166667   72.333333   50.500000   48.166667   35.833333   32.666667   40.000000   50.500000   30.166667   35.500000   49.666667   29.333333   38.500000   16.666667   22.500000    0.500000       6.666667
8            83.166667   66.500000   48.166667   63.833333   78.166667   59.500000   52.666667   39.666667   37.666667   44.000000   54.166667   36.000000   40.500000   54.000000   34.166667   42.500000   20.500000   25.833333    1.833333      17.166667
9            87.166667   69.833333   55.000000   70.666667   82.000000   65.166667   56.000000   45.166667   43.000000   47.833333   59.333333   41.333333   46.000000   56.666667   41.833333   44.833333   23.666667   29.666667    3.333333      31.500000
10           92.166667   76.000000   61.500000   75.833333   83.166667   70.166667   60.333333   52.333333   45.500000   52.333333   62.666667   47.500000   51.833333   62.000000   47.500000   47.333333   27.833333   32.333333    4.666667      47.000000
11           93.666667   80.666667   67.333333   79.833333   85.333333   73.333333   68.833333   57.333333   50.166667   58.166667   65.000000   55.166667   60.000000   66.666667   51.500000   53.833333   32.166667   35.833333    8.000000      57.166667
12           95.000000   87.666667   72.333333   83.166667   87.500000   79.000000   73.166667   62.333333   57.833333   64.000000   68.833333   59.333333   66.666667   69.666667   57.166667   58.000000   36.666667   39.166667   14.000000      68.500000
13           97.166667   91.666667   78.000000   86.500000   89.833333   81.666667   76.166667   69.666667   67.666667   68.333333   71.666667   63.666667   71.000000   74.500000   63.333333   62.833333   43.833333   44.000000   21.333333      77.166667
14           97.500000   92.833333   82.666667   88.666667   93.166667   86.000000   79.666667   77.000000   74.000000   75.666667   74.000000   74.166667   76.500000   77.333333   70.333333   69.666667   48.500000   49.166667   32.500000      80.666667
15           98.333333   95.333333   88.333333   91.833333   94.666667   88.500000   83.500000   81.666667   78.833333   81.000000   78.833333   79.333333   79.500000   79.000000   78.166667   74.166667   55.666667   61.166667   50.666667      81.500000
16           99.166667   98.500000   94.333333   94.666667   95.500000   91.666667   86.500000   88.500000   85.833333   86.333333   84.333333   84.000000   83.333333   81.833333   81.500000   78.166667   67.833333   74.000000   61.666667      82.333333
17           99.833333   99.833333   99.000000   98.500000   97.333333   97.166667   91.333333   96.833333   91.166667   95.000000   93.166667   92.333333   86.666667   85.333333   84.166667   83.166667   72.666667   81.666667   71.833333      83.000000
18          100.000000  100.000000  100.000000  100.000000   99.833333   99.833333   99.166667   98.666667   98.166667   97.333333   96.500000   96.500000   92.166667   92.000000   91.166667   91.000000   90.000000   88.166667   85.833333      83.666667
19          100.000000  100.000000  100.000000  100.000000  100.000000  100.000000  100.000000  100.000000  100.000000  100.000000  100.000000  100.000000  100.000000  100.000000  100.000000  100.000000  100.000000  100.000000  100.000000     100.000000

                                                 winner  winStage                                                validStages
algorithm                                                                                                                   
InstantRunoffVoting                                2374       NaN                                                        NaN
SingleTransferableVote                             2374       NaN                                                        NaN
PreferentialBlockVoting                            2374       NaN                                                        NaN
FirstPastThePost (but without tactical voting)     2374       NaN                                                        NaN
MyVoteSys <α=0.50, β=____, γ=____, First>          2374       3.0  [3, 4, 5, 6, 7, 8, 9, 10, 11, 12, 13, 14, 15, 16, 17, 18]
MyVoteSys <α=0.50, β=____, γ=____, Last>           2374      18.0  [3, 4, 5, 6, 7, 8, 9, 10, 11, 12, 13, 14, 15, 16, 17, 18]
MyVoteSys <α=0.50, β=____, γ=____, MinEntropy>     2374       3.0  [3, 4, 5, 6, 7, 8, 9, 10, 11, 12, 13, 14, 15, 16, 17, 18]
MyVoteSys <α=0.50, β=____, γ=____, MaxEntropy>     2374      18.0  [3, 4, 5, 6, 7, 8, 9, 10, 11, 12, 13, 14, 15, 16, 17, 18]
MyVoteSys <α=0.50, β=____, γ=____, MinVariance>    2374       8.0  [3, 4, 5, 6, 7, 8, 9, 10, 11, 12, 13, 14, 15, 16, 17, 18]
MyVoteSys <α=0.50, β=____, γ=____, MaxVariance>    2374      18.0  [3, 4, 5, 6, 7, 8, 9, 10, 11, 12, 13, 14, 15, 16, 17, 18]
MyVoteSys <α=0.50, β=____, γ=0.66, First>          2374       3.0                                               [3, 4, 5, 6]
MyVoteSys <α=0.50, β=____, γ=0.66, Last>           2374       6.0                                               [3, 4, 5, 6]
MyVoteSys <α=0.50, β=____, γ=0.66, MinEntropy>     2374       3.0                                               [3, 4, 5, 6]
MyVoteSys <α=0.50, β=____, γ=0.66, MaxEntropy>     2374       6.0                                               [3, 4, 5, 6]
MyVoteSys <α=0.50, β=____, γ=0.66, MinVariance>    2374       6.0                                               [3, 4, 5, 6]
MyVoteSys <α=0.50, β=____, γ=0.66, MaxVariance>    2374       3.0                                               [3, 4, 5, 6]
MyVoteSys <α=0.50, β=____, γ=0.80, First>          2374       3.0                                         [3, 4, 5, 6, 7, 8]
MyVoteSys <α=0.50, β=____, γ=0.80, Last>           2374       8.0                                         [3, 4, 5, 6, 7, 8]
MyVoteSys <α=0.50, β=____, γ=0.80, MinEntropy>     2374       3.0                                         [3, 4, 5, 6, 7, 8]
MyVoteSys <α=0.50, β=____, γ=0.80, MaxEntropy>     2374       8.0                                         [3, 4, 5, 6, 7, 8]
MyVoteSys <α=0.50, β=____, γ=0.80, MinVariance>    2374       8.0                                         [3, 4, 5, 6, 7, 8]
MyVoteSys <α=0.50, β=____, γ=0.80, MaxVariance>    2374       3.0                                         [3, 4, 5, 6, 7, 8]
MyVoteSys <α=0.50, β=0.33, γ=____, First>          2374       3.0                                      [3, 4, 5, 6, 7, 8, 9]
MyVoteSys <α=0.50, β=0.33, γ=____, Last>           2374       9.0                                      [3, 4, 5, 6, 7, 8, 9]
MyVoteSys <α=0.50, β=0.33, γ=____, MinEntropy>     2374       3.0                                      [3, 4, 5, 6, 7, 8, 9]
MyVoteSys <α=0.50, β=0.33, γ=____, MaxEntropy>     2374       9.0                                      [3, 4, 5, 6, 7, 8, 9]
MyVoteSys <α=0.50, β=0.33, γ=____, MinVariance>    2374       8.0                                      [3, 4, 5, 6, 7, 8, 9]
MyVoteSys <α=0.50, β=0.33, γ=____, MaxVariance>    2374       3.0                                      [3, 4, 5, 6, 7, 8, 9]
MyVoteSys <α=0.50, β=0.33, γ=0.66, First>          2374       3.0                                               [3, 4, 5, 6]
MyVoteSys <α=0.50, β=0.33, γ=0.66, Last>           2374       6.0                                               [3, 4, 5, 6]
MyVoteSys <α=0.50, β=0.33, γ=0.66, MinEntropy>     2374       3.0                                               [3, 4, 5, 6]
MyVoteSys <α=0.50, β=0.33, γ=0.66, MaxEntropy>     2374       6.0                                               [3, 4, 5, 6]
MyVoteSys <α=0.50, β=0.33, γ=0.66, MinVariance>    2374       6.0                                               [3, 4, 5, 6]
MyVoteSys <α=0.50, β=0.33, γ=0.66, MaxVariance>    2374       3.0                                               [3, 4, 5, 6]
MyVoteSys <α=0.50, β=0.33, γ=0.80, First>          2374       3.0                                         [3, 4, 5, 6, 7, 8]
MyVoteSys <α=0.50, β=0.33, γ=0.80, Last>           2374       8.0                                         [3, 4, 5, 6, 7, 8]
MyVoteSys <α=0.50, β=0.33, γ=0.80, MinEntropy>     2374       3.0                                         [3, 4, 5, 6, 7, 8]
MyVoteSys <α=0.50, β=0.33, γ=0.80, MaxEntropy>     2374       8.0                                         [3, 4, 5, 6, 7, 8]
MyVoteSys <α=0.50, β=0.33, γ=0.80, MinVariance>    2374       8.0                                         [3, 4, 5, 6, 7, 8]
MyVoteSys <α=0.50, β=0.33, γ=0.80, MaxVariance>    2374       3.0                                         [3, 4, 5, 6, 7, 8]
MyVoteSys <α=0.66, β=____, γ=____, First>          2374       6.0           [6, 7, 8, 9, 10, 11, 12, 13, 14, 15, 16, 17, 18]
MyVoteSys <α=0.66, β=____, γ=____, Last>           2374      18.0           [6, 7, 8, 9, 10, 11, 12, 13, 14, 15, 16, 17, 18]
MyVoteSys <α=0.66, β=____, γ=____, MinEntropy>     2374       6.0           [6, 7, 8, 9, 10, 11, 12, 13, 14, 15, 16, 17, 18]
MyVoteSys <α=0.66, β=____, γ=____, MaxEntropy>     2374      18.0           [6, 7, 8, 9, 10, 11, 12, 13, 14, 15, 16, 17, 18]
MyVoteSys <α=0.66, β=____, γ=____, MinVariance>    2374       8.0           [6, 7, 8, 9, 10, 11, 12, 13, 14, 15, 16, 17, 18]
MyVoteSys <α=0.66, β=____, γ=____, MaxVariance>    2374      18.0           [6, 7, 8, 9, 10, 11, 12, 13, 14, 15, 16, 17, 18]
MyVoteSys <α=0.66, β=____, γ=0.80, First>          2374       6.0                                                  [6, 7, 8]
MyVoteSys <α=0.66, β=____, γ=0.80, Last>           2374       8.0                                                  [6, 7, 8]
MyVoteSys <α=0.66, β=____, γ=0.80, MinEntropy>     2374       6.0                                                  [6, 7, 8]
MyVoteSys <α=0.66, β=____, γ=0.80, MaxEntropy>     2374       8.0                                                  [6, 7, 8]
MyVoteSys <α=0.66, β=____, γ=0.80, MinVariance>    2374       8.0                                                  [6, 7, 8]
MyVoteSys <α=0.66, β=____, γ=0.80, MaxVariance>    2374       6.0                                                  [6, 7, 8]
MyVoteSys <α=0.66, β=0.33, γ=____, First>          2374       6.0                                               [6, 7, 8, 9]
MyVoteSys <α=0.66, β=0.33, γ=____, Last>           2374       9.0                                               [6, 7, 8, 9]
MyVoteSys <α=0.66, β=0.33, γ=____, MinEntropy>     2374       6.0                                               [6, 7, 8, 9]
MyVoteSys <α=0.66, β=0.33, γ=____, MaxEntropy>     2374       9.0                                               [6, 7, 8, 9]
MyVoteSys <α=0.66, β=0.33, γ=____, MinVariance>    2374       8.0                                               [6, 7, 8, 9]
MyVoteSys <α=0.66, β=0.33, γ=____, MaxVariance>    2374       6.0                                               [6, 7, 8, 9]
MyVoteSys <α=0.66, β=0.33, γ=0.80, First>          2374       6.0                                                  [6, 7, 8]
MyVoteSys <α=0.66, β=0.33, γ=0.80, Last>           2374       8.0                                                  [6, 7, 8]
MyVoteSys <α=0.66, β=0.33, γ=0.80, MinEntropy>     2374       6.0                                                  [6, 7, 8]
MyVoteSys <α=0.66, β=0.33, γ=0.80, MaxEntropy>     2374       8.0                                                  [6, 7, 8]
MyVoteSys <α=0.66, β=0.33, γ=0.80, MinVariance>    2374       8.0                                                  [6, 7, 8]
MyVoteSys <α=0.66, β=0.33, γ=0.80, MaxVariance>    2374       6.0                                                  [6, 7, 8]
MyVoteSys <α=0.80, β=____, γ=____, First>          2374       8.0                 [8, 9, 10, 11, 12, 13, 14, 15, 16, 17, 18]
MyVoteSys <α=0.80, β=____, γ=____, Last>           2374      18.0                 [8, 9, 10, 11, 12, 13, 14, 15, 16, 17, 18]
MyVoteSys <α=0.80, β=____, γ=____, MinEntropy>     2374       8.0                 [8, 9, 10, 11, 12, 13, 14, 15, 16, 17, 18]
MyVoteSys <α=0.80, β=____, γ=____, MaxEntropy>     2374      18.0                 [8, 9, 10, 11, 12, 13, 14, 15, 16, 17, 18]
MyVoteSys <α=0.80, β=____, γ=____, MinVariance>    2374       8.0                 [8, 9, 10, 11, 12, 13, 14, 15, 16, 17, 18]
MyVoteSys <α=0.80, β=____, γ=____, MaxVariance>    2374      18.0                 [8, 9, 10, 11, 12, 13, 14, 15, 16, 17, 18]
MyVoteSys <α=0.80, β=0.33, γ=____, First>          2374       8.0                                                     [8, 9]
MyVoteSys <α=0.80, β=0.33, γ=____, Last>           2374       9.0                                                     [8, 9]
MyVoteSys <α=0.80, β=0.33, γ=____, MinEntropy>     2374       8.0                                                     [8, 9]
MyVoteSys <α=0.80, β=0.33, γ=____, MaxEntropy>     2374       9.0                                                     [8, 9]
MyVoteSys <α=0.80, β=0.33, γ=____, MinVariance>    2374       8.0                                                     [8, 9]
MyVoteSys <α=0.80, β=0.33, γ=____, MaxVariance>    2374       9.0                                                     [8, 9]
bestVoter (Dictatorship)                           2467       NaN                                                        NaN
crowd-Mean                                         2374       NaN                                                        NaN
crowd-Median                                       2374       NaN                                                        NaN 

Last Election Candidates:
                        y
Candidates               
2632          -342.592053
605           -200.511563
2321          -172.607614
1497           -83.744682
2561           -72.485362
701            -63.891405
2046           -62.631958
1882           -54.662679
2909           -34.679465
56              -5.447519
NullCandidate   -3.467414
2467            12.042012
1783            38.003809
1127            51.778864
404             55.816574
2255            60.904970
205             78.488530
1595           144.635168
2743           205.737366
2374           308.798609

Voters Validation Mean Squared Error:
[16351.85, 15943.86, 15459.25, 15888.13, 15657.45, 15244.76, 17324.5, 16115.25, 16237.71, 16360.88, 15754.95, 15350.86, 16001.47, 16393.21, 16158.41, 15766.75, 16119.24, 16347.35, 16886.93, 17183.29, 15622.46, 15773.65, 15059.43, 16514.12, 15535.69, 17430.26, 15243.54, 16267.55, 17143.65, 16094.46, 15425.23, 17115.26, 16183.12, 15871.18, 15947.34, 15917.11, 15490.25, 16605.48, 16343.26, 16176.34, 15905.0, 14886.88, 16137.22, 16970.62, 16832.53, 16336.91, 17745.4, 15855.67, 14687.71, 15297.11, 14739.08, 16749.59, 16585.69, 15873.63, 16566.86, 16333.34, 15604.11, 16958.62, 16415.71, 17096.29, 15865.37, 15698.41, 16876.34, 14201.73, 16907.84, 14700.04, 15676.69, 16017.74, 16982.34, 15732.09, 16608.94, 16295.29, 16501.71, 15999.82, 16969.34, 14698.93, 14760.18, 15277.58, 15870.81, 15431.28, 16549.95, 16231.04, 15839.66, 15709.87, 16861.74, 15683.51, 16177.72, 16311.58, 17955.5, 15685.49, 16211.41, 17106.49, 16373.92, 16281.8, 16263.17, 16528.83, 15896.77, 16507.54, 15712.78, 15993.19, 15494.94, 14827.68, 16050.58, 15756.3, 15595.6, 16660.1, 16269.8, 16813.08, 16206.3, 17237.54, 15512.22, 16299.31, 14578.87, 17876.61, 14887.63, 16985.08, 16019.73, 15880.27, 16124.99, 16025.47, 14644.57, 15397.56, 17275.79, 15355.99, 15000.17, 15015.38, 16514.74, 16080.29, 17563.84, 16314.48, 15658.89, 15165.75, 15011.89, 15170.99, 15650.84, 15510.09, 15863.07, 15493.68, 17008.32, 16582.42, 16036.84, 15942.86, 15503.46, 16290.19, 16639.1, 15300.52, 17322.3, 15777.43, 15186.77, 14394.77, 17217.17, 14636.84, 15949.5, 14608.97, 17436.91, 16297.56, 15555.81, 15164.28, 16458.45, 14908.25, 15235.6, 15947.04, 15478.91, 15875.76, 15733.25, 15853.82, 16454.89, 15632.8, 16843.04, 17172.13, 14976.22, 16870.17, 16392.4, 14906.23, 15642.82, 16127.31, 16550.88, 16222.94, 16236.64, 16799.51, 16624.99, 16362.01, 16023.25, 16329.53, 16106.91, 15886.94, 15760.48, 17074.18, 15540.36, 16047.96, 16602.24, 15463.58, 16198.76, 16461.22, 15608.47, 15609.06, 16144.11, 15578.35, 16194.7, 16011.61, 15941.32, 15946.72, 16027.04, 16412.82, 15779.84, 17419.04, 15344.38, 15820.37, 18050.16, 15147.45, 14942.32, 16259.77, 16028.64, 15620.61, 15504.51, 14813.27, 16526.8, 16255.04, 16248.4, 14929.74, 15374.67, 17940.17, 15686.1, 16293.53, 16046.15, 16457.16, 16616.72, 15751.79, 16170.06, 17191.63, 16565.35, 16746.99, 16016.55, 15041.03, 16468.83, 15855.43, 15539.78, 16780.04, 17297.2, 15183.54, 16666.56, 16060.17, 15748.93, 15931.39, 16195.12, 17053.31, 15587.91, 16144.01, 16175.9, 16291.7, 16704.55, 16140.73, 15759.7, 15625.02, 16773.94, 15685.05, 15490.05, 15765.32, 16281.01, 16942.0, 15242.3, 17095.49, 15657.14, 17380.78, 16407.45, 15652.06, 14869.0, 15599.42, 15600.61, 16859.66, 15077.06, 15894.28, 16747.96, 15613.05, 15398.11, 16291.28, 15821.93, 16494.5, 14542.15, 14929.43, 15591.02, 16842.38, 15600.41, 16087.19, 16083.24, 16102.09, 16510.92, 17085.7, 15967.99, 16037.93, 16053.81, 15231.01, 16695.13, 15605.88, 14939.75, 17034.02, 16243.4, 16047.14, 16172.43, 16699.04, 16570.9, 14893.97, 14772.81, 15061.65, 15443.11, 16660.04, 16410.86, 16962.17, 15593.65, 16061.24, 14947.83, 15593.28, 15382.75, 15921.33, 14958.93, 16326.02, 15420.97, 16802.4, 16495.93, 17495.29, 14644.11, 14701.19, 17621.59, 17462.6, 15957.5, 16444.45, 15294.4, 16485.62, 15526.18, 16856.15, 15252.2, 15414.61, 15591.52, 16191.7, 15563.2, 15533.9, 16823.27, 16035.82, 14924.76, 16088.11, 15476.99, 17890.18, 16970.83, 15029.93, 16840.93, 16822.73, 15901.2, 15474.01, 15636.2, 16065.81, 15667.73, 16609.27, 15973.74, 17045.15, 14716.53, 14679.44, 15024.04, 16239.78, 16432.0, 14986.41, 14411.97, 16725.91, 16487.71, 17076.99, 15731.27, 16622.22, 16067.34, 16061.91, 16686.16, 16581.19, 15984.39, 16631.52, 16373.24, 14735.06, 17224.67, 15465.78, 16506.54, 16244.99, 15163.23, 17806.18, 15238.43, 16192.52, 16255.07, 16327.53, 15904.99, 16057.81, 17402.47, 16571.33, 16120.43, 15936.33, 17107.47, 15492.58, 17276.39, 15650.79, 15066.88, 15926.29, 17443.13, 16518.62, 15469.69, 16320.18, 17478.69, 16966.1, 16191.83, 16247.22, 16036.8, 16395.1, 15216.95, 17190.87, 16519.96, 15772.45, 15358.1, 16809.8, 16466.31, 16090.24, 15431.27, 15485.93, 16834.25, 15149.93, 16074.72, 16150.35, 16422.46, 16091.81, 15872.31, 16416.16, 15836.19, 16188.55, 15750.86, 16191.11, 15994.56, 16784.25, 15313.99, 14638.73, 15746.85, 15083.74, 15219.63, 15687.33, 17140.56, 16193.54, 16522.46, 15533.91, 15006.86, 14982.24, 16748.89, 16434.21, 16154.1, 16695.18, 16219.99, 14949.31, 16225.65, 16469.21, 16261.66, 15093.51, 17632.52, 15525.25, 16422.4, 14897.93, 15743.24, 16730.69, 14945.23, 17129.69, 17815.89, 15640.63, 16019.81, 16447.29, 17043.88, 15868.98, 14091.2, 15866.02, 16810.09, 15178.08, 16288.95, 15520.31, 15446.71, 16061.42, 15645.35, 16209.51, 15578.07, 15911.92, 16560.77, 16026.16, 16937.23, 16140.89, 15630.54, 15656.54, 17269.36, 16868.87, 16146.06, 15570.98, 15564.81, 16934.22, 16783.96, 15716.19, 16067.49, 15843.4, 16577.94, 16604.66, 16518.03, 16108.19, 16293.62, 17478.97, 14681.3, 16384.53, 16695.54, 16012.85, 15750.07, 16898.41, 17588.38, 16155.91, 15949.65, 16621.54, 15099.82, 16958.39, 15301.17, 15171.29, 15853.81, 14992.73, 15831.7, 17016.25, 15223.49, 16575.01, 15188.7, 16754.04, 16139.06, 16019.94, 15930.94, 14920.79, 16430.47, 15785.11, 16240.96, 14699.29, 15704.53, 16611.94, 15566.02, 16038.7, 17261.95, 16677.5, 16743.82, 14183.5, 17027.04, 15689.64, 16297.66, 16149.29, 15317.27, 15280.2, 16835.16, 16688.26, 16461.61, 17790.88, 15227.06, 16498.77, 16251.87, 15800.09, 15039.42, 16328.94, 15352.02, 15535.33, 17081.11, 15874.57, 16894.35, 17015.54, 15865.56, 15791.89, 14351.56, 15367.07, 15411.54, 15009.52, 15118.85, 16029.05, 14941.51, 16757.48, 15875.21, 17682.11, 16896.34, 16973.63, 16467.07, 16340.72, 16689.52, 16207.43, 14535.17, 16086.21, 17366.18, 15846.45, 16248.56, 17139.45, 16633.81, 17066.58, 17201.28, 16043.67, 16972.86, 16910.81, 16219.6, 14751.39, 16134.19, 16170.5, 16799.2, 16767.7, 16518.22, 17362.06, 15589.46, 16127.05]

Voters Validation Mean Error:
[127.87, 126.27, 124.34, 126.05, 125.13, 123.47, 131.62, 126.95, 127.43, 127.91, 125.52, 123.9, 126.5, 128.04, 127.12, 125.57, 126.96, 127.86, 129.95, 131.09, 124.99, 125.59, 122.72, 128.51, 124.64, 132.02, 123.46, 127.54, 130.93, 126.86, 124.2, 130.83, 127.21, 125.98, 126.28, 126.16, 124.46, 128.86, 127.84, 127.19, 126.12, 122.01, 127.03, 130.27, 129.74, 127.82, 133.21, 125.92, 121.19, 123.68, 121.4, 129.42, 128.79, 125.99, 128.71, 127.8, 124.92, 130.23, 128.12, 130.75, 125.96, 125.29, 129.91, 119.17, 130.03, 121.24, 125.21, 126.56, 130.32, 125.43, 128.88, 127.65, 128.46, 126.49, 130.27, 121.24, 121.49, 123.6, 125.98, 124.22, 128.65, 127.4, 125.86, 125.34, 129.85, 125.23, 127.19, 127.72, 134.0, 125.24, 127.32, 130.79, 127.96, 127.6, 127.53, 128.56, 126.08, 128.48, 125.35, 126.46, 124.48, 121.77, 126.69, 125.52, 124.88, 129.07, 127.55, 129.67, 127.3, 131.29, 124.55, 127.67, 120.74, 133.7, 122.01, 130.33, 126.57, 126.02, 126.98, 126.59, 121.01, 124.09, 131.44, 123.92, 122.48, 122.54, 128.51, 126.81, 132.53, 127.73, 125.14, 123.15, 122.52, 123.17, 125.1, 124.54, 125.95, 124.47, 130.42, 128.77, 126.64, 126.27, 124.51, 127.63, 128.99, 123.7, 131.61, 125.61, 123.23, 119.98, 131.21, 120.98, 126.29, 120.87, 132.05, 127.66, 124.72, 123.14, 128.29, 122.1, 123.43, 126.28, 124.41, 126.0, 125.43, 125.91, 128.28, 125.03, 129.78, 131.04, 122.38, 129.89, 128.03, 122.09, 125.07, 126.99, 128.65, 127.37, 127.42, 129.61, 128.94, 127.91, 126.58, 127.79, 126.91, 126.04, 125.54, 130.67, 124.66, 126.68, 128.85, 124.35, 127.27, 128.3, 124.93, 124.94, 127.06, 124.81, 127.26, 126.54, 126.26, 126.28, 126.6, 128.11, 125.62, 131.98, 123.87, 125.78, 134.35, 123.07, 122.24, 127.51, 126.6, 124.98, 124.52, 121.71, 128.56, 127.5, 127.47, 122.19, 123.99, 133.94, 125.24, 127.65, 126.67, 128.29, 128.91, 125.51, 127.16, 131.12, 128.71, 129.41, 126.56, 122.64, 128.33, 125.92, 124.66, 129.54, 131.52, 123.22, 129.1, 126.73, 125.49, 126.22, 127.26, 130.59, 124.85, 127.06, 127.18, 127.64, 129.25, 127.05, 125.54, 125.0, 129.51, 125.24, 124.46, 125.56, 127.6, 130.16, 123.46, 130.75, 125.13, 131.84, 128.09, 125.11, 121.94, 124.9, 124.9, 129.84, 122.79, 126.07, 129.41, 124.95, 124.09, 127.64, 125.79, 128.43, 120.59, 122.19, 124.86, 129.78, 124.9, 126.84, 126.82, 126.89, 128.49, 130.71, 126.36, 126.64, 126.7, 123.41, 129.21, 124.92, 122.23, 130.51, 127.45, 126.68, 127.17, 129.22, 128.73, 122.04, 121.54, 122.73, 124.27, 129.07, 128.1, 130.24, 124.87, 126.73, 122.26, 124.87, 124.03, 126.18, 122.31, 127.77, 124.18, 129.62, 128.44, 132.27, 121.01, 121.25, 132.75, 132.15, 126.32, 128.24, 123.67, 128.4, 124.6, 129.83, 123.5, 124.16, 124.87, 127.25, 124.75, 124.64, 129.7, 126.63, 122.17, 126.84, 124.41, 133.75, 130.27, 122.6, 129.77, 129.7, 126.1, 124.39, 125.04, 126.75, 125.17, 128.88, 126.39, 130.56, 121.31, 121.16, 122.57, 127.44, 128.19, 122.42, 120.05, 129.33, 128.4, 130.68, 125.42, 128.93, 126.76, 126.74, 129.17, 128.77, 126.43, 128.96, 127.96, 121.39, 131.24, 124.36, 128.48, 127.46, 123.14, 133.44, 123.44, 127.25, 127.5, 127.78, 126.11, 126.72, 131.92, 128.73, 126.97, 126.24, 130.8, 124.47, 131.44, 125.1, 122.75, 126.2, 132.07, 128.52, 124.38, 127.75, 132.21, 130.25, 127.25, 127.46, 126.64, 128.04, 123.36, 131.11, 128.53, 125.59, 123.93, 129.65, 128.32, 126.85, 124.22, 124.44, 129.75, 123.09, 126.79, 127.08, 128.15, 126.85, 125.99, 128.13, 125.84, 127.23, 125.5, 127.24, 126.47, 129.55, 123.75, 120.99, 125.49, 122.82, 123.37, 125.25, 130.92, 127.25, 128.54, 124.64, 122.5, 122.4, 129.42, 128.2, 127.1, 129.21, 127.36, 122.27, 127.38, 128.33, 127.52, 122.86, 132.79, 124.6, 128.15, 122.06, 125.47, 129.35, 122.25, 130.88, 133.48, 125.06, 126.57, 128.25, 130.55, 125.97, 118.71, 125.96, 129.65, 123.2, 127.63, 124.58, 124.28, 126.73, 125.08, 127.32, 124.81, 126.14, 128.69, 126.59, 130.14, 127.05, 125.02, 125.13, 131.41, 129.88, 127.07, 124.78, 124.76, 130.13, 129.55, 125.36, 126.76, 125.87, 128.76, 128.86, 128.52, 126.92, 127.65, 132.21, 121.17, 128.0, 129.21, 126.54, 125.5, 129.99, 132.62, 127.11, 126.29, 128.92, 122.88, 130.22, 123.7, 123.17, 125.91, 122.44, 125.82, 130.45, 123.38, 128.74, 123.24, 129.44, 127.04, 126.57, 126.22, 122.15, 128.18, 125.64, 127.44, 121.24, 125.32, 128.89, 124.76, 126.64, 131.38, 129.14, 129.4, 119.09, 130.49, 125.26, 127.66, 127.08, 123.76, 123.61, 129.75, 129.18, 128.3, 133.38, 123.4, 128.45, 127.48, 125.7, 122.64, 127.78, 123.9, 124.64, 130.69, 125.99, 129.98, 130.44, 125.96, 125.67, 119.8, 123.96, 124.14, 122.51, 122.96, 126.61, 122.24, 129.45, 126.0, 132.97, 129.99, 130.28, 128.32, 127.83, 129.19, 127.31, 120.56, 126.83, 131.78, 125.88, 127.47, 130.92, 128.97, 130.64, 131.15, 126.66, 130.28, 130.04, 127.36, 121.46, 127.02, 127.16, 129.61, 129.49, 128.52, 131.77, 124.86, 126.99]

numCandiates : 20
numVoters : 600
numElections : 350
columnBlindness : 8
epochs : 66
trainableLayerCount : 1
crowdBuildMethod : {'name': 'standardDistribution', 'mean': 16000, 'standardDeviation': 850}
dataSetName : mySynthetic
predictedFeature : y

========= SIMULATION RESULTS ========
Metrics                                          meanWinnerRank  rateTrueWinners  rateWinner<NULL  val_Mean²Err
Algorithms                                                                                                     
crowd-Mean                                             1.202857         0.831429         0.000000  17993.275391
crowd-Median                                           1.202857         0.831429         0.000000  17937.566406
MyVoteSys <α=0.66, β=____, γ=____, First>              1.485714         0.702857         0.000000           NaN
MyVoteSys <α=0.50, β=0.33, γ=0.66, MaxEntropy>         1.485714         0.702857         0.000000           NaN
MyVoteSys <α=0.66, β=____, γ=____, MinEntropy>         1.485714         0.702857         0.000000           NaN
MyVoteSys <α=0.50, β=0.33, γ=0.66, Last>               1.485714         0.702857         0.000000           NaN
MyVoteSys <α=0.66, β=____, γ=0.80, First>              1.485714         0.702857         0.000000           NaN
MyVoteSys <α=0.66, β=____, γ=0.80, MinEntropy>         1.485714         0.702857         0.000000           NaN
MyVoteSys <α=0.50, β=____, γ=0.66, MaxEntropy>         1.485714         0.702857         0.000000           NaN
MyVoteSys <α=0.50, β=____, γ=0.66, Last>               1.485714         0.702857         0.000000           NaN
MyVoteSys <α=0.50, β=0.33, γ=0.66, MinVariance>        1.497143         0.700000         0.000000           NaN
MyVoteSys <α=0.50, β=____, γ=0.66, MinVariance>        1.497143         0.700000         0.000000           NaN
MyVoteSys <α=0.66, β=0.33, γ=0.80, First>              1.502857         0.700000         0.000000           NaN
MyVoteSys <α=0.66, β=0.33, γ=____, MinEntropy>         1.502857         0.700000         0.000000           NaN
MyVoteSys <α=0.66, β=0.33, γ=0.80, MinEntropy>         1.502857         0.700000         0.000000           NaN
MyVoteSys <α=0.66, β=0.33, γ=____, First>              1.502857         0.700000         0.000000           NaN
MyVoteSys <α=0.50, β=0.33, γ=____, MinVariance>        1.511429         0.674286         0.000000           NaN
MyVoteSys <α=0.50, β=0.33, γ=____, MaxVariance>        1.517143         0.680000         0.000000           NaN
MyVoteSys <α=0.66, β=0.33, γ=____, MinVariance>        1.517143         0.674286         0.000000           NaN
MyVoteSys <α=0.66, β=____, γ=____, MinVariance>        1.520000         0.665714         0.000000           NaN
MyVoteSys <α=0.50, β=____, γ=0.80, MaxVariance>        1.522857         0.680000         0.000000           NaN
MyVoteSys <α=0.50, β=0.33, γ=0.80, MinVariance>        1.522857         0.668571         0.000000           NaN
MyVoteSys <α=0.50, β=0.33, γ=0.80, MaxVariance>        1.528571         0.680000         0.000000           NaN
MyVoteSys <α=0.50, β=0.33, γ=0.66, MaxVariance>        1.528571         0.680000         0.000000           NaN
MyVoteSys <α=0.50, β=____, γ=0.66, MaxVariance>        1.528571         0.680000         0.000000           NaN
MyVoteSys <α=0.66, β=0.33, γ=0.80, MinVariance>        1.528571         0.668571         0.000000           NaN
MyVoteSys <α=0.50, β=____, γ=0.80, MinEntropy>         1.531429         0.680000         0.000000           NaN
MyVoteSys <α=0.50, β=0.33, γ=0.66, MinEntropy>         1.531429         0.680000         0.000000           NaN
MyVoteSys <α=0.50, β=____, γ=0.80, First>              1.531429         0.680000         0.000000           NaN
MyVoteSys <α=0.50, β=____, γ=0.66, First>              1.531429         0.680000         0.000000           NaN
MyVoteSys <α=0.50, β=____, γ=____, MinEntropy>         1.531429         0.680000         0.000000           NaN
MyVoteSys <α=0.50, β=0.33, γ=0.66, First>              1.531429         0.680000         0.000000           NaN
MyVoteSys <α=0.50, β=____, γ=0.66, MinEntropy>         1.531429         0.680000         0.000000           NaN
MyVoteSys <α=0.50, β=0.33, γ=0.80, First>              1.531429         0.680000         0.000000           NaN
MyVoteSys <α=0.50, β=____, γ=____, First>              1.531429         0.680000         0.000000           NaN
MyVoteSys <α=0.50, β=0.33, γ=____, First>              1.531429         0.680000         0.000000           NaN
MyVoteSys <α=0.50, β=0.33, γ=____, MinEntropy>         1.531429         0.680000         0.000000           NaN
MyVoteSys <α=0.50, β=0.33, γ=0.80, MinEntropy>         1.531429         0.680000         0.000000           NaN
MyVoteSys <α=0.50, β=____, γ=____, MinVariance>        1.531429         0.662857         0.000000           NaN
MyVoteSys <α=0.66, β=____, γ=0.80, MinVariance>        1.531429         0.660000         0.000000           NaN
MyVoteSys <α=0.50, β=____, γ=0.80, MinVariance>        1.542857         0.657143         0.000000           NaN
MyVoteSys <α=0.50, β=0.33, γ=____, Last>               1.545714         0.648571         0.000000           NaN
MyVoteSys <α=0.50, β=0.33, γ=____, MaxEntropy>         1.545714         0.648571         0.000000           NaN
MyVoteSys <α=0.50, β=0.33, γ=0.80, MaxEntropy>         1.548571         0.651429         0.000000           NaN
MyVoteSys <α=0.50, β=0.33, γ=0.80, Last>               1.548571         0.651429         0.000000           NaN
MyVoteSys <α=0.66, β=0.33, γ=0.80, MaxVariance>        1.560000         0.665714         0.000000           NaN
MyVoteSys <α=0.66, β=0.33, γ=____, MaxVariance>        1.562857         0.662857         0.000000           NaN
MyVoteSys <α=0.66, β=0.33, γ=____, Last>               1.562857         0.645714         0.000000           NaN
MyVoteSys <α=0.66, β=0.33, γ=____, MaxEntropy>         1.562857         0.645714         0.000000           NaN
MyVoteSys <α=0.66, β=0.33, γ=0.80, MaxEntropy>         1.565714         0.648571         0.000000           NaN
MyVoteSys <α=0.66, β=0.33, γ=0.80, Last>               1.565714         0.648571         0.000000           NaN
MyVoteSys <α=0.66, β=____, γ=0.80, MaxVariance>        1.588571         0.660000         0.002857           NaN
MyVoteSys <α=0.80, β=____, γ=____, MinVariance>        1.602857         0.640000         0.002857           NaN
MyVoteSys <α=0.80, β=____, γ=____, MinEntropy>         1.614286         0.634286         0.002857           NaN
MyVoteSys <α=0.80, β=____, γ=____, First>              1.614286         0.634286         0.002857           NaN
MyVoteSys <α=0.66, β=____, γ=0.80, Last>               1.614286         0.634286         0.002857           NaN
MyVoteSys <α=0.50, β=____, γ=0.80, MaxEntropy>         1.614286         0.634286         0.002857           NaN
MyVoteSys <α=0.66, β=____, γ=0.80, MaxEntropy>         1.614286         0.634286         0.002857           NaN
MyVoteSys <α=0.50, β=____, γ=0.80, Last>               1.614286         0.634286         0.002857           NaN
InstantRunoffVoting                                    1.731429         0.648571         0.000000           NaN
PreferentialBlockVoting                                1.734286         0.648571         0.000000           NaN
SingleTransferableVote                                 1.742857         0.648571         0.000000           NaN
FirstPastThePost (but without tactical voting)         2.642857         0.468571         0.014286           NaN
MyVoteSys <α=0.80, β=____, γ=____, Last>               3.457143         0.305714         0.074286           NaN
MyVoteSys <α=0.66, β=____, γ=____, MaxVariance>        3.457143         0.305714         0.074286           NaN
MyVoteSys <α=0.66, β=____, γ=____, MaxEntropy>         3.457143         0.305714         0.074286           NaN
MyVoteSys <α=0.50, β=____, γ=____, MaxEntropy>         3.457143         0.305714         0.074286           NaN
MyVoteSys <α=0.50, β=____, γ=____, Last>               3.457143         0.305714         0.074286           NaN
MyVoteSys <α=0.50, β=____, γ=____, MaxVariance>        3.457143         0.305714         0.074286           NaN
MyVoteSys <α=0.80, β=____, γ=____, MaxVariance>        3.457143         0.305714         0.074286           NaN
MyVoteSys <α=0.80, β=____, γ=____, MaxEntropy>         3.457143         0.305714         0.074286           NaN
MyVoteSys <α=0.66, β=____, γ=____, Last>               3.457143         0.305714         0.074286           NaN
MyVoteSys <α=0.80, β=0.33, γ=____, MinVariance>        3.614286         0.525714         0.000000           NaN
MyVoteSys <α=0.80, β=0.33, γ=____, MaxVariance>        3.620000         0.520000         0.000000           NaN
MyVoteSys <α=0.80, β=0.33, γ=____, Last>               3.622857         0.517143         0.000000           NaN
MyVoteSys <α=0.80, β=0.33, γ=____, MaxEntropy>         3.622857         0.517143         0.000000           NaN
MyVoteSys <α=0.80, β=0.33, γ=____, First>              3.625714         0.520000         0.000000           NaN
MyVoteSys <α=0.80, β=0.33, γ=____, MinEntropy>         3.625714         0.520000         0.000000           NaN
bestVoter (Dictatorship)                               5.782857         0.177143         0.177143  14091.195312

