
===== Last Election voting process ======

Stamp Counts Table:
Candidates  1765  2203  585  735  1448  1362  1877  125  2237  2628  2336  1078  NullCandidate  1574  1766  2363  769  611  2489  434
Stage                                                                                                                                
0              6     9    1    1     3     0     2    0     2     1     2     5              0     0     0     0    0    1     0    0
1              4     0    2    3     4     1     2    1     5     2     1     7              0     1     0     0    0    0     0    0
2              1     1    2    1     3     2     7    3     1     0     3     3              0     1     2     1    0    2     0    0
3              1     5    3    0     3     0     2    5     2     1     6     2              0     0     1     2    0    0     0    0
4              1     3    1    2     2     5     2    5     2     5     1     1              0     1     0     0    0    2     0    0
5              1     5    2    1     2     1     1    1     3     3     2     3              1     1     4     1    0    0     1    0
6              3     1    3    6     1     3     0    0     0     3     3     0              1     3     4     1    0    1     0    0
7              0     0    5    2     2     4     2    2     2     1     1     4              1     3     1     1    1    0     1    0
8              3     2    3    1     1     0     2    2     2     7     1     3              5     0     1     0    0    0     0    0
9              2     0    1    1     2     2     1    2     0     2     4     0              8     1     3     0    2    1     1    0
10             4     1    0    0     1     1     1    2     2     2     1     1              8     2     1     0    3    0     3    0
11             3     2    1    0     2     2     2    2     0     0     2     0              2     5     1     2    5    0     0    2
12             0     3    2    3     3     2     0    1     1     0     0     0              4     3     1     1    3    4     1    1
13             1     0    2    5     1     3     4    1     2     1     0     0              2     1     1     3    4    0     2    0
14             3     0    2    4     0     2     1    1     2     0     0     0              0     0     4     2    1    4     6    1
15             0     1    3    2     1     2     1    1     1     1     1     0              0     4     3     3    1    4     3    1
16             0     0    0    1     1     2     1    2     4     0     3     0              0     4     2     4    2    4     0    3
17             0     0    0    0     1     1     1    1     1     3     0     2              0     1     0     5    6    3     4    4
18             0     0    0    0     0     0     1    1     1     1     2     2              0     1     3     6    3    4     2    6
19             0     0    0    0     0     0     0    0     0     0     0     0              1     1     1     1    2    3     9   15

Processed Vote Counts Table:
Candidates  1765  2203  585  735  1448  1362  1877  125  2237  2628  2336  1078  NullCandidate  1574  1766  2363  769  611  2489  434
Stage                                                                                                                                
0              6     9    1    1     3     0     2    0     2     1     2     5              0     0     0     0    0    1     0    0
1             10     9    3    4     7     1     4    1     7     3     3    12              0     1     0     0    0    1     0    0
2             11    10    5    5    10     3    11    4     8     3     6    15              0     2     2     1    0    3     0    0
3             12    15    8    5    13     3    13    9    10     4    12    17              0     2     3     3    0    3     0    0
4             13    18    9    7    15     8    15   14    12     9    13    18              0     3     3     3    0    5     0    0
5             14    23   11    8    17     9    16   15    15    12    15    21              1     4     7     4    0    5     1    0
6             17    24   14   14    18    12    16   15    15    15    18    21              2     7    11     5    0    6     1    0
7             17    24   19   16    20    16    18   17    17    16    19    25              3    10    12     6    1    6     2    0
8             20    26   22   17    21    16    20   19    19    23    20    28              8    10    13     6    1    6     2    0
9             22    26   23   18    23    18    21   21    19    25    24    28             16    11    16     6    3    7     3    0
10            26    27   23   18    24    19    22   23    21    27    25    29             24    13    17     6    6    7     6    0
11            29    29   24   18    26    21    24   25    21    27    27    29             26    18    18     8   11    7     6    2
12            29    32   26   21    29    23    24   26    22    27    27    29             30    21    19     9   14   11     7    3
13            30    32   28   26    30    26    28   27    24    28    27    29             32    22    20    12   18   11     9    3
14            33    32   30   30    30    28    29   28    26    28    27    29             32    22    24    14   19   15    15    4
15            33    33   33   32    31    30    30   29    27    29    28    29             32    26    27    17   20   19    18    5
16            33    33   33   33    32    32    31   31    31    29    31    29             32    30    29    21   22   23    18    8
17            33    33   33   33    33    33    32   32    32    32    31    31             32    31    29    26   28   26    22   12
18            33    33   33   33    33    33    33   33    33    33    33    33             32    32    32    32   31   30    24   18
19            33    33   33   33    33    33    33   33    33    33    33    33             33    33    33    33   33   33    33   33

Score(%) of Candidates Table:
Candidates        1765        2203         585         735        1448        1362        1877         125        2237        2628        2336        1078  NullCandidate        1574        1766        2363         769         611        2489         434
Stage                                                                                                                                                                                                                                                        
0            18.181818   27.272727    3.030303    3.030303    9.090909    0.000000    6.060606    0.000000    6.060606    3.030303    6.060606   15.151515       0.000000    0.000000    0.000000    0.000000    0.000000    3.030303    0.000000    0.000000
1            30.303030   27.272727    9.090909   12.121212   21.212121    3.030303   12.121212    3.030303   21.212121    9.090909    9.090909   36.363636       0.000000    3.030303    0.000000    0.000000    0.000000    3.030303    0.000000    0.000000
2            33.333333   30.303030   15.151515   15.151515   30.303030    9.090909   33.333333   12.121212   24.242424    9.090909   18.181818   45.454545       0.000000    6.060606    6.060606    3.030303    0.000000    9.090909    0.000000    0.000000
3            36.363636   45.454545   24.242424   15.151515   39.393939    9.090909   39.393939   27.272727   30.303030   12.121212   36.363636   51.515152       0.000000    6.060606    9.090909    9.090909    0.000000    9.090909    0.000000    0.000000
4            39.393939   54.545455   27.272727   21.212121   45.454545   24.242424   45.454545   42.424242   36.363636   27.272727   39.393939   54.545455       0.000000    9.090909    9.090909    9.090909    0.000000   15.151515    0.000000    0.000000
5            42.424242   69.696970   33.333333   24.242424   51.515152   27.272727   48.484848   45.454545   45.454545   36.363636   45.454545   63.636364       3.030303   12.121212   21.212121   12.121212    0.000000   15.151515    3.030303    0.000000
6            51.515152   72.727273   42.424242   42.424242   54.545455   36.363636   48.484848   45.454545   45.454545   45.454545   54.545455   63.636364       6.060606   21.212121   33.333333   15.151515    0.000000   18.181818    3.030303    0.000000
7            51.515152   72.727273   57.575758   48.484848   60.606061   48.484848   54.545455   51.515152   51.515152   48.484848   57.575758   75.757576       9.090909   30.303030   36.363636   18.181818    3.030303   18.181818    6.060606    0.000000
8            60.606061   78.787879   66.666667   51.515152   63.636364   48.484848   60.606061   57.575758   57.575758   69.696970   60.606061   84.848485      24.242424   30.303030   39.393939   18.181818    3.030303   18.181818    6.060606    0.000000
9            66.666667   78.787879   69.696970   54.545455   69.696970   54.545455   63.636364   63.636364   57.575758   75.757576   72.727273   84.848485      48.484848   33.333333   48.484848   18.181818    9.090909   21.212121    9.090909    0.000000
10           78.787879   81.818182   69.696970   54.545455   72.727273   57.575758   66.666667   69.696970   63.636364   81.818182   75.757576   87.878788      72.727273   39.393939   51.515152   18.181818   18.181818   21.212121   18.181818    0.000000
11           87.878788   87.878788   72.727273   54.545455   78.787879   63.636364   72.727273   75.757576   63.636364   81.818182   81.818182   87.878788      78.787879   54.545455   54.545455   24.242424   33.333333   21.212121   18.181818    6.060606
12           87.878788   96.969697   78.787879   63.636364   87.878788   69.696970   72.727273   78.787879   66.666667   81.818182   81.818182   87.878788      90.909091   63.636364   57.575758   27.272727   42.424242   33.333333   21.212121    9.090909
13           90.909091   96.969697   84.848485   78.787879   90.909091   78.787879   84.848485   81.818182   72.727273   84.848485   81.818182   87.878788      96.969697   66.666667   60.606061   36.363636   54.545455   33.333333   27.272727    9.090909
14          100.000000   96.969697   90.909091   90.909091   90.909091   84.848485   87.878788   84.848485   78.787879   84.848485   81.818182   87.878788      96.969697   66.666667   72.727273   42.424242   57.575758   45.454545   45.454545   12.121212
15          100.000000  100.000000  100.000000   96.969697   93.939394   90.909091   90.909091   87.878788   81.818182   87.878788   84.848485   87.878788      96.969697   78.787879   81.818182   51.515152   60.606061   57.575758   54.545455   15.151515
16          100.000000  100.000000  100.000000  100.000000   96.969697   96.969697   93.939394   93.939394   93.939394   87.878788   93.939394   87.878788      96.969697   90.909091   87.878788   63.636364   66.666667   69.696970   54.545455   24.242424
17          100.000000  100.000000  100.000000  100.000000  100.000000  100.000000   96.969697   96.969697   96.969697   96.969697   93.939394   93.939394      96.969697   93.939394   87.878788   78.787879   84.848485   78.787879   66.666667   36.363636
18          100.000000  100.000000  100.000000  100.000000  100.000000  100.000000  100.000000  100.000000  100.000000  100.000000  100.000000  100.000000      96.969697   96.969697   96.969697   96.969697   93.939394   90.909091   72.727273   54.545455
19          100.000000  100.000000  100.000000  100.000000  100.000000  100.000000  100.000000  100.000000  100.000000  100.000000  100.000000  100.000000     100.000000  100.000000  100.000000  100.000000  100.000000  100.000000  100.000000  100.000000

                                                 winner  winStage                                                validStages
algorithm                                                                                                                   
InstantRunoffVoting                                2203       NaN                                                        NaN
SingleTransferableVote                             2203       NaN                                                        NaN
PreferentialBlockVoting                            2203       NaN                                                        NaN
FirstPastThePost (but without tactical voting)     2203       NaN                                                        NaN
MyVoteSys <α=0.50, β=____, γ=____, First>          1078       3.0  [3, 4, 5, 6, 7, 8, 9, 10, 11, 12, 13, 14, 15, 16, 17, 18]
MyVoteSys <α=0.50, β=____, γ=____, Last>           1765      18.0  [3, 4, 5, 6, 7, 8, 9, 10, 11, 12, 13, 14, 15, 16, 17, 18]
MyVoteSys <α=0.50, β=____, γ=____, MinEntropy>     1078       3.0  [3, 4, 5, 6, 7, 8, 9, 10, 11, 12, 13, 14, 15, 16, 17, 18]
MyVoteSys <α=0.50, β=____, γ=____, MaxEntropy>     1765      18.0  [3, 4, 5, 6, 7, 8, 9, 10, 11, 12, 13, 14, 15, 16, 17, 18]
MyVoteSys <α=0.50, β=____, γ=____, MinVariance>    1078      10.0  [3, 4, 5, 6, 7, 8, 9, 10, 11, 12, 13, 14, 15, 16, 17, 18]
MyVoteSys <α=0.50, β=____, γ=____, MaxVariance>    1765      18.0  [3, 4, 5, 6, 7, 8, 9, 10, 11, 12, 13, 14, 15, 16, 17, 18]
MyVoteSys <α=0.50, β=____, γ=0.66, First>          1078       3.0                                                  [3, 4, 5]
MyVoteSys <α=0.50, β=____, γ=0.66, Last>           2203       5.0                                                  [3, 4, 5]
MyVoteSys <α=0.50, β=____, γ=0.66, MinEntropy>     1078       3.0                                                  [3, 4, 5]
MyVoteSys <α=0.50, β=____, γ=0.66, MaxEntropy>     2203       5.0                                                  [3, 4, 5]
MyVoteSys <α=0.50, β=____, γ=0.66, MinVariance>    2203       5.0                                                  [3, 4, 5]
MyVoteSys <α=0.50, β=____, γ=0.66, MaxVariance>    1078       3.0                                                  [3, 4, 5]
MyVoteSys <α=0.50, β=____, γ=0.80, First>          1078       3.0                                         [3, 4, 5, 6, 7, 8]
MyVoteSys <α=0.50, β=____, γ=0.80, Last>           1078       8.0                                         [3, 4, 5, 6, 7, 8]
MyVoteSys <α=0.50, β=____, γ=0.80, MinEntropy>     1078       3.0                                         [3, 4, 5, 6, 7, 8]
MyVoteSys <α=0.50, β=____, γ=0.80, MaxEntropy>     1078       8.0                                         [3, 4, 5, 6, 7, 8]
MyVoteSys <α=0.50, β=____, γ=0.80, MinVariance>    1078       8.0                                         [3, 4, 5, 6, 7, 8]
MyVoteSys <α=0.50, β=____, γ=0.80, MaxVariance>    1078       3.0                                         [3, 4, 5, 6, 7, 8]
MyVoteSys <α=0.50, β=0.33, γ=____, First>          1078       3.0                                         [3, 4, 5, 6, 7, 8]
MyVoteSys <α=0.50, β=0.33, γ=____, Last>           1078       8.0                                         [3, 4, 5, 6, 7, 8]
MyVoteSys <α=0.50, β=0.33, γ=____, MinEntropy>     1078       3.0                                         [3, 4, 5, 6, 7, 8]
MyVoteSys <α=0.50, β=0.33, γ=____, MaxEntropy>     1078       8.0                                         [3, 4, 5, 6, 7, 8]
MyVoteSys <α=0.50, β=0.33, γ=____, MinVariance>    1078       8.0                                         [3, 4, 5, 6, 7, 8]
MyVoteSys <α=0.50, β=0.33, γ=____, MaxVariance>    1078       3.0                                         [3, 4, 5, 6, 7, 8]
MyVoteSys <α=0.50, β=0.33, γ=0.66, First>          1078       3.0                                                  [3, 4, 5]
MyVoteSys <α=0.50, β=0.33, γ=0.66, Last>           2203       5.0                                                  [3, 4, 5]
MyVoteSys <α=0.50, β=0.33, γ=0.66, MinEntropy>     1078       3.0                                                  [3, 4, 5]
MyVoteSys <α=0.50, β=0.33, γ=0.66, MaxEntropy>     2203       5.0                                                  [3, 4, 5]
MyVoteSys <α=0.50, β=0.33, γ=0.66, MinVariance>    2203       5.0                                                  [3, 4, 5]
MyVoteSys <α=0.50, β=0.33, γ=0.66, MaxVariance>    1078       3.0                                                  [3, 4, 5]
MyVoteSys <α=0.50, β=0.33, γ=0.80, First>          1078       3.0                                         [3, 4, 5, 6, 7, 8]
MyVoteSys <α=0.50, β=0.33, γ=0.80, Last>           1078       8.0                                         [3, 4, 5, 6, 7, 8]
MyVoteSys <α=0.50, β=0.33, γ=0.80, MinEntropy>     1078       3.0                                         [3, 4, 5, 6, 7, 8]
MyVoteSys <α=0.50, β=0.33, γ=0.80, MaxEntropy>     1078       8.0                                         [3, 4, 5, 6, 7, 8]
MyVoteSys <α=0.50, β=0.33, γ=0.80, MinVariance>    1078       8.0                                         [3, 4, 5, 6, 7, 8]
MyVoteSys <α=0.50, β=0.33, γ=0.80, MaxVariance>    1078       3.0                                         [3, 4, 5, 6, 7, 8]
MyVoteSys <α=0.66, β=____, γ=____, First>          2203       5.0        [5, 6, 7, 8, 9, 10, 11, 12, 13, 14, 15, 16, 17, 18]
MyVoteSys <α=0.66, β=____, γ=____, Last>           1765      18.0        [5, 6, 7, 8, 9, 10, 11, 12, 13, 14, 15, 16, 17, 18]
MyVoteSys <α=0.66, β=____, γ=____, MinEntropy>     2203       5.0        [5, 6, 7, 8, 9, 10, 11, 12, 13, 14, 15, 16, 17, 18]
MyVoteSys <α=0.66, β=____, γ=____, MaxEntropy>     1765      18.0        [5, 6, 7, 8, 9, 10, 11, 12, 13, 14, 15, 16, 17, 18]
MyVoteSys <α=0.66, β=____, γ=____, MinVariance>    1078      10.0        [5, 6, 7, 8, 9, 10, 11, 12, 13, 14, 15, 16, 17, 18]
MyVoteSys <α=0.66, β=____, γ=____, MaxVariance>    1765      18.0        [5, 6, 7, 8, 9, 10, 11, 12, 13, 14, 15, 16, 17, 18]
MyVoteSys <α=0.66, β=____, γ=0.80, First>          2203       5.0                                               [5, 6, 7, 8]
MyVoteSys <α=0.66, β=____, γ=0.80, Last>           1078       8.0                                               [5, 6, 7, 8]
MyVoteSys <α=0.66, β=____, γ=0.80, MinEntropy>     2203       5.0                                               [5, 6, 7, 8]
MyVoteSys <α=0.66, β=____, γ=0.80, MaxEntropy>     1078       8.0                                               [5, 6, 7, 8]
MyVoteSys <α=0.66, β=____, γ=0.80, MinVariance>    1078       8.0                                               [5, 6, 7, 8]
MyVoteSys <α=0.66, β=____, γ=0.80, MaxVariance>    2203       5.0                                               [5, 6, 7, 8]
MyVoteSys <α=0.66, β=0.33, γ=____, First>          2203       5.0                                               [5, 6, 7, 8]
MyVoteSys <α=0.66, β=0.33, γ=____, Last>           1078       8.0                                               [5, 6, 7, 8]
MyVoteSys <α=0.66, β=0.33, γ=____, MinEntropy>     2203       5.0                                               [5, 6, 7, 8]
MyVoteSys <α=0.66, β=0.33, γ=____, MaxEntropy>     1078       8.0                                               [5, 6, 7, 8]
MyVoteSys <α=0.66, β=0.33, γ=____, MinVariance>    1078       8.0                                               [5, 6, 7, 8]
MyVoteSys <α=0.66, β=0.33, γ=____, MaxVariance>    2203       5.0                                               [5, 6, 7, 8]
MyVoteSys <α=0.66, β=0.33, γ=0.80, First>          2203       5.0                                               [5, 6, 7, 8]
MyVoteSys <α=0.66, β=0.33, γ=0.80, Last>           1078       8.0                                               [5, 6, 7, 8]
MyVoteSys <α=0.66, β=0.33, γ=0.80, MinEntropy>     2203       5.0                                               [5, 6, 7, 8]
MyVoteSys <α=0.66, β=0.33, γ=0.80, MaxEntropy>     1078       8.0                                               [5, 6, 7, 8]
MyVoteSys <α=0.66, β=0.33, γ=0.80, MinVariance>    1078       8.0                                               [5, 6, 7, 8]
MyVoteSys <α=0.66, β=0.33, γ=0.80, MaxVariance>    2203       5.0                                               [5, 6, 7, 8]
MyVoteSys <α=0.80, β=____, γ=____, First>          1078       8.0                 [8, 9, 10, 11, 12, 13, 14, 15, 16, 17, 18]
MyVoteSys <α=0.80, β=____, γ=____, Last>           1765      18.0                 [8, 9, 10, 11, 12, 13, 14, 15, 16, 17, 18]
MyVoteSys <α=0.80, β=____, γ=____, MinEntropy>     1078       8.0                 [8, 9, 10, 11, 12, 13, 14, 15, 16, 17, 18]
MyVoteSys <α=0.80, β=____, γ=____, MaxEntropy>     1765      18.0                 [8, 9, 10, 11, 12, 13, 14, 15, 16, 17, 18]
MyVoteSys <α=0.80, β=____, γ=____, MinVariance>    1078      10.0                 [8, 9, 10, 11, 12, 13, 14, 15, 16, 17, 18]
MyVoteSys <α=0.80, β=____, γ=____, MaxVariance>    1765      18.0                 [8, 9, 10, 11, 12, 13, 14, 15, 16, 17, 18]
MyVoteSys <α=0.80, β=0.33, γ=____, First>          1078       8.0                                                        [8]
MyVoteSys <α=0.80, β=0.33, γ=____, Last>           1078       8.0                                                        [8]
MyVoteSys <α=0.80, β=0.33, γ=____, MinEntropy>     1078       8.0                                                        [8]
MyVoteSys <α=0.80, β=0.33, γ=____, MaxEntropy>     1078       8.0                                                        [8]
MyVoteSys <α=0.80, β=0.33, γ=____, MinVariance>    1078       8.0                                                        [8]
MyVoteSys <α=0.80, β=0.33, γ=____, MaxVariance>    1078       8.0                                                        [8]
bestVoter (Dictatorship)                           2237       NaN                                                        NaN
crowd-Mean                                         2203       NaN                                                        NaN
crowd-Median                                       2203       NaN                                                        NaN 

Last Election Candidates:
                        y
Candidates               
434           -279.042642
2489          -202.984094
2363          -165.302068
769           -119.464219
611           -104.412792
1574           -10.265154
NullCandidate   -3.467414
1766             5.048391
735             33.871680
125             34.453856
2628            36.872855
1362            41.472880
585             43.392035
1877            46.898968
2336            49.630034
2237            69.707158
1765            70.617161
2203            92.431658
1078           101.219418
1448           158.488562

Voters Validation Mean Squared Error:
[8755.07, 14406.04, 8943.32, 9880.98, 10643.33, 10597.32, 10515.23, 9820.83, 11009.08, 9054.04, 8886.19, 8420.98, 9591.61, 9519.97, 8662.48, 14241.8, 10063.3, 8338.63, 11229.75, 7660.02, 8752.46, 10735.83, 9620.52, 10548.71, 8391.68, 10673.52, 9292.5, 9445.06, 9040.08, 8016.6, 14156.37, 13523.5, 8630.4]

Voters Validation Mean Error:
[93.57, 120.03, 94.57, 99.4, 103.17, 102.94, 102.54, 99.1, 104.92, 95.15, 94.27, 91.77, 97.94, 97.57, 93.07, 119.34, 100.32, 91.32, 105.97, 87.52, 93.55, 103.61, 98.08, 102.71, 91.61, 103.31, 96.4, 97.19, 95.08, 89.54, 118.98, 116.29, 92.9]

numCandiates : 20
numVoters : 33
numElections : 1
columnBlindness : 5
epochs : 66
trainableLayerCount : 1
crowdBuildMethod : None
dataSetName : mySynthetic
predictedFeature : y

========= SIMULATION RESULTS ========
Metrics                                          meanWinnerRank  rateTrueWinners  rateWinner<NULL  val_Mean²Err
Algorithms                                                                                                     
MyVoteSys <α=0.50, β=0.33, γ=0.80, MinEntropy>              2.0              0.0              0.0           NaN
MyVoteSys <α=0.80, β=____, γ=____, MinVariance>             2.0              0.0              0.0           NaN
MyVoteSys <α=0.50, β=____, γ=0.80, First>                   2.0              0.0              0.0           NaN
MyVoteSys <α=0.50, β=____, γ=0.80, MaxVariance>             2.0              0.0              0.0           NaN
MyVoteSys <α=0.50, β=____, γ=0.66, MaxVariance>             2.0              0.0              0.0           NaN
MyVoteSys <α=0.80, β=0.33, γ=____, Last>                    2.0              0.0              0.0           NaN
MyVoteSys <α=0.50, β=____, γ=0.80, Last>                    2.0              0.0              0.0           NaN
MyVoteSys <α=0.80, β=____, γ=____, MinEntropy>              2.0              0.0              0.0           NaN
MyVoteSys <α=0.50, β=0.33, γ=0.80, Last>                    2.0              0.0              0.0           NaN
MyVoteSys <α=0.80, β=0.33, γ=____, MinVariance>             2.0              0.0              0.0           NaN
MyVoteSys <α=0.50, β=0.33, γ=0.66, First>                   2.0              0.0              0.0           NaN
MyVoteSys <α=0.66, β=0.33, γ=0.80, MaxEntropy>              2.0              0.0              0.0           NaN
MyVoteSys <α=0.50, β=0.33, γ=0.80, MinVariance>             2.0              0.0              0.0           NaN
MyVoteSys <α=0.66, β=____, γ=0.80, MinVariance>             2.0              0.0              0.0           NaN
MyVoteSys <α=0.66, β=0.33, γ=____, Last>                    2.0              0.0              0.0           NaN
MyVoteSys <α=0.80, β=0.33, γ=____, MinEntropy>              2.0              0.0              0.0           NaN
MyVoteSys <α=0.50, β=____, γ=0.80, MaxEntropy>              2.0              0.0              0.0           NaN
MyVoteSys <α=0.50, β=0.33, γ=0.66, MinEntropy>              2.0              0.0              0.0           NaN
MyVoteSys <α=0.50, β=0.33, γ=____, First>                   2.0              0.0              0.0           NaN
MyVoteSys <α=0.80, β=0.33, γ=____, MaxEntropy>              2.0              0.0              0.0           NaN
MyVoteSys <α=0.50, β=____, γ=0.66, First>                   2.0              0.0              0.0           NaN
MyVoteSys <α=0.50, β=____, γ=0.80, MinVariance>             2.0              0.0              0.0           NaN
MyVoteSys <α=0.50, β=____, γ=____, MinEntropy>              2.0              0.0              0.0           NaN
MyVoteSys <α=0.80, β=0.33, γ=____, MaxVariance>             2.0              0.0              0.0           NaN
MyVoteSys <α=0.50, β=0.33, γ=____, MaxEntropy>              2.0              0.0              0.0           NaN
MyVoteSys <α=0.50, β=0.33, γ=0.66, MaxVariance>             2.0              0.0              0.0           NaN
MyVoteSys <α=0.50, β=0.33, γ=____, MinEntropy>              2.0              0.0              0.0           NaN
MyVoteSys <α=0.50, β=____, γ=____, MinVariance>             2.0              0.0              0.0           NaN
MyVoteSys <α=0.80, β=____, γ=____, First>                   2.0              0.0              0.0           NaN
MyVoteSys <α=0.50, β=0.33, γ=____, MaxVariance>             2.0              0.0              0.0           NaN
MyVoteSys <α=0.50, β=____, γ=0.66, MinEntropy>              2.0              0.0              0.0           NaN
MyVoteSys <α=0.50, β=____, γ=0.80, MinEntropy>              2.0              0.0              0.0           NaN
MyVoteSys <α=0.66, β=____, γ=____, MinVariance>             2.0              0.0              0.0           NaN
MyVoteSys <α=0.50, β=0.33, γ=0.80, MaxEntropy>              2.0              0.0              0.0           NaN
MyVoteSys <α=0.50, β=0.33, γ=____, MinVariance>             2.0              0.0              0.0           NaN
MyVoteSys <α=0.50, β=0.33, γ=0.80, First>                   2.0              0.0              0.0           NaN
MyVoteSys <α=0.50, β=0.33, γ=____, Last>                    2.0              0.0              0.0           NaN
MyVoteSys <α=0.80, β=0.33, γ=____, First>                   2.0              0.0              0.0           NaN
MyVoteSys <α=0.66, β=0.33, γ=____, MinVariance>             2.0              0.0              0.0           NaN
MyVoteSys <α=0.66, β=0.33, γ=0.80, MinVariance>             2.0              0.0              0.0           NaN
MyVoteSys <α=0.50, β=____, γ=____, First>                   2.0              0.0              0.0           NaN
MyVoteSys <α=0.66, β=____, γ=0.80, Last>                    2.0              0.0              0.0           NaN
MyVoteSys <α=0.66, β=____, γ=0.80, MaxEntropy>              2.0              0.0              0.0           NaN
MyVoteSys <α=0.66, β=0.33, γ=____, MaxEntropy>              2.0              0.0              0.0           NaN
MyVoteSys <α=0.66, β=0.33, γ=0.80, Last>                    2.0              0.0              0.0           NaN
MyVoteSys <α=0.50, β=0.33, γ=0.80, MaxVariance>             2.0              0.0              0.0           NaN
MyVoteSys <α=0.50, β=____, γ=0.66, MinVariance>             3.0              0.0              0.0           NaN
MyVoteSys <α=0.66, β=0.33, γ=____, First>                   3.0              0.0              0.0           NaN
FirstPastThePost (but without tactical voting)              3.0              0.0              0.0           NaN
InstantRunoffVoting                                         3.0              0.0              0.0           NaN
MyVoteSys <α=0.66, β=0.33, γ=0.80, MinEntropy>              3.0              0.0              0.0           NaN
MyVoteSys <α=0.66, β=0.33, γ=____, MinEntropy>              3.0              0.0              0.0           NaN
MyVoteSys <α=0.66, β=____, γ=____, First>                   3.0              0.0              0.0           NaN
MyVoteSys <α=0.66, β=____, γ=0.80, MinEntropy>              3.0              0.0              0.0           NaN
crowd-Mean                                                  3.0              0.0              0.0  22148.083984
MyVoteSys <α=0.50, β=0.33, γ=0.66, MaxEntropy>              3.0              0.0              0.0           NaN
crowd-Median                                                3.0              0.0              0.0  22246.175781
MyVoteSys <α=0.66, β=____, γ=____, MinEntropy>              3.0              0.0              0.0           NaN
MyVoteSys <α=0.50, β=0.33, γ=0.66, Last>                    3.0              0.0              0.0           NaN
MyVoteSys <α=0.50, β=____, γ=0.66, Last>                    3.0              0.0              0.0           NaN
MyVoteSys <α=0.66, β=0.33, γ=0.80, First>                   3.0              0.0              0.0           NaN
PreferentialBlockVoting                                     3.0              0.0              0.0           NaN
MyVoteSys <α=0.66, β=____, γ=0.80, MaxVariance>             3.0              0.0              0.0           NaN
SingleTransferableVote                                      3.0              0.0              0.0           NaN
MyVoteSys <α=0.50, β=0.33, γ=0.66, MinVariance>             3.0              0.0              0.0           NaN
MyVoteSys <α=0.66, β=____, γ=0.80, First>                   3.0              0.0              0.0           NaN
MyVoteSys <α=0.66, β=0.33, γ=0.80, MaxVariance>             3.0              0.0              0.0           NaN
MyVoteSys <α=0.50, β=____, γ=0.66, MaxEntropy>              3.0              0.0              0.0           NaN
MyVoteSys <α=0.66, β=0.33, γ=____, MaxVariance>             3.0              0.0              0.0           NaN
MyVoteSys <α=0.66, β=____, γ=____, MaxVariance>             4.0              0.0              0.0           NaN
MyVoteSys <α=0.50, β=____, γ=____, Last>                    4.0              0.0              0.0           NaN
MyVoteSys <α=0.50, β=____, γ=____, MaxVariance>             4.0              0.0              0.0           NaN
MyVoteSys <α=0.80, β=____, γ=____, MaxVariance>             4.0              0.0              0.0           NaN
MyVoteSys <α=0.50, β=____, γ=____, MaxEntropy>              4.0              0.0              0.0           NaN
MyVoteSys <α=0.80, β=____, γ=____, MaxEntropy>              4.0              0.0              0.0           NaN
MyVoteSys <α=0.66, β=____, γ=____, Last>                    4.0              0.0              0.0           NaN
MyVoteSys <α=0.80, β=____, γ=____, Last>                    4.0              0.0              0.0           NaN
MyVoteSys <α=0.66, β=____, γ=____, MaxEntropy>              4.0              0.0              0.0           NaN
bestVoter (Dictatorship)                                    5.0              0.0              0.0   7660.015137

