
===== Last Election voting process ======

Stamp Counts Table:
Candidates  NullCandidate  352  442  1862  512  2521  2016  2357  168  392  175  2619  1670  1660  2732  1737  1323  253  891  2415
Stage                                                                                                                              
0                       0   20    4     8    0     0     7    14    4    6    4     3     3     4    18     3     2    0    0     0
1                       0   24    6     4    4     0     4     1    5   16    8     3     7     6     3     4     0    0    3     2
2                       0    8    7    10    3     0     5    10    6    6   11     0     7    11     8     4     0    1    3     0
3                       0    7    8    18    0     3     3     9    5    7    4     8     3     6     3     6     1    3    3     3
4                       0    7   13     5    5     3     5    13    5    5    2     2     9     4     2     4     2    6    7     1
5                       0    8   11    13    7     9     5     2    5    3    7     5     3     9     0     7     0    5    1     0
6                       9    7    6     6    1     3    17     7    5    7    5     8     3     6     0     2     2    1    5     0
7                      10    0   16     4    3     1     5     4    0    7    6     8     4     1     7     9     5    3    6     1
8                      13    1    4     1   11     5     9     9    5    2    8     9     1     0     6     5    11    0    0     0
9                      21    4    3     2    0     4     5     3    5    4    4     7    10     6     3     2     5    2    7     3
10                     18    7    3     3    6     5     4     1    7    6    6     7     1     1    12     2     2    4    0     5
11                     14    3    4     0   16     4     2     7    4    3    8     0    15     0     6     1     2    4    5     2
12                      8    0    4     1   12     5    15     0    4    3    8     2     6     1     7     8     8    3    3     2
13                      4    3    1     6    8     7     2     0    8    1    5     1     4     6     6     5     5   17    7     4
14                      3    0    1     6    7     6     0     2    6    3    6     7     9     3    10    11     4    9    6     1
15                      0    0    5     7    7    16     4     4    4    1    5     9     0    11     0    10     4    3    6     4
16                      0    0    3     1    6     5     4     4   12    7    1    10     7     7     1     4     9    6    8     5
17                      0    1    0     4    2    12     3     8    4    6    0     7     3     7     0     5     7   11   10    10
18                      0    0    1     1    2    12     0     1    5    6    0     2     3     9     4     4    22    9    6    13
19                      0    0    0     0    0     0     1     1    1    1    2     2     2     2     4     4     9   13   14    44

Processed Vote Counts Table:
Candidates  NullCandidate  352  442  1862  512  2521  2016  2357  168  392  175  2619  1670  1660  2732  1737  1323  253  891  2415
Stage                                                                                                                              
0                       0   20    4     8    0     0     7    14    4    6    4     3     3     4    18     3     2    0    0     0
1                       0   44   10    12    4     0    11    15    9   22   12     6    10    10    21     7     2    0    3     2
2                       0   52   17    22    7     0    16    25   15   28   23     6    17    21    29    11     2    1    6     2
3                       0   59   25    40    7     3    19    34   20   35   27    14    20    27    32    17     3    4    9     5
4                       0   66   38    45   12     6    24    47   25   40   29    16    29    31    34    21     5   10   16     6
5                       0   74   49    58   19    15    29    49   30   43   36    21    32    40    34    28     5   15   17     6
6                       9   81   55    64   20    18    46    56   35   50   41    29    35    46    34    30     7   16   22     6
7                      19   81   71    68   23    19    51    60   35   57   47    37    39    47    41    39    12   19   28     7
8                      32   82   75    69   34    24    60    69   40   59   55    46    40    47    47    44    23   19   28     7
9                      53   86   78    71   34    28    65    72   45   63   59    53    50    53    50    46    28   21   35    10
10                     71   93   81    74   40    33    69    73   52   69   65    60    51    54    62    48    30   25   35    15
11                     85   96   85    74   56    37    71    80   56   72   73    60    66    54    68    49    32   29   40    17
12                     93   96   89    75   68    42    86    80   60   75   81    62    72    55    75    57    40   32   43    19
13                     97   99   90    81   76    49    88    80   68   76   86    63    76    61    81    62    45   49   50    23
14                    100   99   91    87   83    55    88    82   74   79   92    70    85    64    91    73    49   58   56    24
15                    100   99   96    94   90    71    92    86   78   80   97    79    85    75    91    83    53   61   62    28
16                    100   99   99    95   96    76    96    90   90   87   98    89    92    82    92    87    62   67   70    33
17                    100  100   99    99   98    88    99    98   94   93   98    96    95    89    92    92    69   78   80    43
18                    100  100  100   100  100   100    99    99   99   99   98    98    98    98    96    96    91   87   86    56
19                    100  100  100   100  100   100   100   100  100  100  100   100   100   100   100   100   100  100  100   100

Score(%) of Candidates Table:
Candidates  NullCandidate    352    442   1862    512   2521   2016   2357    168    392    175   2619   1670   1660   2732   1737   1323    253    891   2415
Stage                                                                                                                                                         
0                     0.0   20.0    4.0    8.0    0.0    0.0    7.0   14.0    4.0    6.0    4.0    3.0    3.0    4.0   18.0    3.0    2.0    0.0    0.0    0.0
1                     0.0   44.0   10.0   12.0    4.0    0.0   11.0   15.0    9.0   22.0   12.0    6.0   10.0   10.0   21.0    7.0    2.0    0.0    3.0    2.0
2                     0.0   52.0   17.0   22.0    7.0    0.0   16.0   25.0   15.0   28.0   23.0    6.0   17.0   21.0   29.0   11.0    2.0    1.0    6.0    2.0
3                     0.0   59.0   25.0   40.0    7.0    3.0   19.0   34.0   20.0   35.0   27.0   14.0   20.0   27.0   32.0   17.0    3.0    4.0    9.0    5.0
4                     0.0   66.0   38.0   45.0   12.0    6.0   24.0   47.0   25.0   40.0   29.0   16.0   29.0   31.0   34.0   21.0    5.0   10.0   16.0    6.0
5                     0.0   74.0   49.0   58.0   19.0   15.0   29.0   49.0   30.0   43.0   36.0   21.0   32.0   40.0   34.0   28.0    5.0   15.0   17.0    6.0
6                     9.0   81.0   55.0   64.0   20.0   18.0   46.0   56.0   35.0   50.0   41.0   29.0   35.0   46.0   34.0   30.0    7.0   16.0   22.0    6.0
7                    19.0   81.0   71.0   68.0   23.0   19.0   51.0   60.0   35.0   57.0   47.0   37.0   39.0   47.0   41.0   39.0   12.0   19.0   28.0    7.0
8                    32.0   82.0   75.0   69.0   34.0   24.0   60.0   69.0   40.0   59.0   55.0   46.0   40.0   47.0   47.0   44.0   23.0   19.0   28.0    7.0
9                    53.0   86.0   78.0   71.0   34.0   28.0   65.0   72.0   45.0   63.0   59.0   53.0   50.0   53.0   50.0   46.0   28.0   21.0   35.0   10.0
10                   71.0   93.0   81.0   74.0   40.0   33.0   69.0   73.0   52.0   69.0   65.0   60.0   51.0   54.0   62.0   48.0   30.0   25.0   35.0   15.0
11                   85.0   96.0   85.0   74.0   56.0   37.0   71.0   80.0   56.0   72.0   73.0   60.0   66.0   54.0   68.0   49.0   32.0   29.0   40.0   17.0
12                   93.0   96.0   89.0   75.0   68.0   42.0   86.0   80.0   60.0   75.0   81.0   62.0   72.0   55.0   75.0   57.0   40.0   32.0   43.0   19.0
13                   97.0   99.0   90.0   81.0   76.0   49.0   88.0   80.0   68.0   76.0   86.0   63.0   76.0   61.0   81.0   62.0   45.0   49.0   50.0   23.0
14                  100.0   99.0   91.0   87.0   83.0   55.0   88.0   82.0   74.0   79.0   92.0   70.0   85.0   64.0   91.0   73.0   49.0   58.0   56.0   24.0
15                  100.0   99.0   96.0   94.0   90.0   71.0   92.0   86.0   78.0   80.0   97.0   79.0   85.0   75.0   91.0   83.0   53.0   61.0   62.0   28.0
16                  100.0   99.0   99.0   95.0   96.0   76.0   96.0   90.0   90.0   87.0   98.0   89.0   92.0   82.0   92.0   87.0   62.0   67.0   70.0   33.0
17                  100.0  100.0   99.0   99.0   98.0   88.0   99.0   98.0   94.0   93.0   98.0   96.0   95.0   89.0   92.0   92.0   69.0   78.0   80.0   43.0
18                  100.0  100.0  100.0  100.0  100.0  100.0   99.0   99.0   99.0   99.0   98.0   98.0   98.0   98.0   96.0   96.0   91.0   87.0   86.0   56.0
19                  100.0  100.0  100.0  100.0  100.0  100.0  100.0  100.0  100.0  100.0  100.0  100.0  100.0  100.0  100.0  100.0  100.0  100.0  100.0  100.0

                                                        winner  winStage                                                   validStages
algorithm                                                                                                                             
InstantRunoffVoting                                        352       NaN                                                           NaN
SingleTransferableVote                                     352       NaN                                                           NaN
PreferentialBlockVoting                                    352       NaN                                                           NaN
FirstPastThePost (but without tactical voting)             352       NaN                                                           NaN
MyVoteSys <α=0.50, β=____, γ=____, First>                  352       2.0  [2, 3, 4, 5, 6, 7, 8, 9, 10, 11, 12, 13, 14, 15, 16, 17, 18]
MyVoteSys <α=0.50, β=____, γ=____, Last>         NullCandidate      18.0  [2, 3, 4, 5, 6, 7, 8, 9, 10, 11, 12, 13, 14, 15, 16, 17, 18]
MyVoteSys <α=0.50, β=____, γ=____, MinEntropy>             352       2.0  [2, 3, 4, 5, 6, 7, 8, 9, 10, 11, 12, 13, 14, 15, 16, 17, 18]
MyVoteSys <α=0.50, β=____, γ=____, MaxEntropy>   NullCandidate      18.0  [2, 3, 4, 5, 6, 7, 8, 9, 10, 11, 12, 13, 14, 15, 16, 17, 18]
MyVoteSys <α=0.50, β=____, γ=____, MinVariance>            352      12.0  [2, 3, 4, 5, 6, 7, 8, 9, 10, 11, 12, 13, 14, 15, 16, 17, 18]
MyVoteSys <α=0.50, β=____, γ=____, MaxVariance>  NullCandidate      18.0  [2, 3, 4, 5, 6, 7, 8, 9, 10, 11, 12, 13, 14, 15, 16, 17, 18]
MyVoteSys <α=0.50, β=____, γ=0.66, First>                  352       2.0                                                  [2, 3, 4, 5]
MyVoteSys <α=0.50, β=____, γ=0.66, Last>                   352       5.0                                                  [2, 3, 4, 5]
MyVoteSys <α=0.50, β=____, γ=0.66, MinEntropy>             352       2.0                                                  [2, 3, 4, 5]
MyVoteSys <α=0.50, β=____, γ=0.66, MaxEntropy>             352       5.0                                                  [2, 3, 4, 5]
MyVoteSys <α=0.50, β=____, γ=0.66, MinVariance>            352       5.0                                                  [2, 3, 4, 5]
MyVoteSys <α=0.50, β=____, γ=0.66, MaxVariance>            352       2.0                                                  [2, 3, 4, 5]
MyVoteSys <α=0.50, β=____, γ=0.80, First>                  352       2.0                                               [2, 3, 4, 5, 6]
MyVoteSys <α=0.50, β=____, γ=0.80, Last>                   352       6.0                                               [2, 3, 4, 5, 6]
MyVoteSys <α=0.50, β=____, γ=0.80, MinEntropy>             352       2.0                                               [2, 3, 4, 5, 6]
MyVoteSys <α=0.50, β=____, γ=0.80, MaxEntropy>             352       6.0                                               [2, 3, 4, 5, 6]
MyVoteSys <α=0.50, β=____, γ=0.80, MinVariance>            352       6.0                                               [2, 3, 4, 5, 6]
MyVoteSys <α=0.50, β=____, γ=0.80, MaxVariance>            352       2.0                                               [2, 3, 4, 5, 6]
MyVoteSys <α=0.50, β=0.33, γ=____, First>                  352       2.0                                         [2, 3, 4, 5, 6, 7, 8]
MyVoteSys <α=0.50, β=0.33, γ=____, Last>                   352       8.0                                         [2, 3, 4, 5, 6, 7, 8]
MyVoteSys <α=0.50, β=0.33, γ=____, MinEntropy>             352       2.0                                         [2, 3, 4, 5, 6, 7, 8]
MyVoteSys <α=0.50, β=0.33, γ=____, MaxEntropy>             352       8.0                                         [2, 3, 4, 5, 6, 7, 8]
MyVoteSys <α=0.50, β=0.33, γ=____, MinVariance>            352       7.0                                         [2, 3, 4, 5, 6, 7, 8]
MyVoteSys <α=0.50, β=0.33, γ=____, MaxVariance>            352       2.0                                         [2, 3, 4, 5, 6, 7, 8]
MyVoteSys <α=0.50, β=0.33, γ=0.66, First>                  352       2.0                                                  [2, 3, 4, 5]
MyVoteSys <α=0.50, β=0.33, γ=0.66, Last>                   352       5.0                                                  [2, 3, 4, 5]
MyVoteSys <α=0.50, β=0.33, γ=0.66, MinEntropy>             352       2.0                                                  [2, 3, 4, 5]
MyVoteSys <α=0.50, β=0.33, γ=0.66, MaxEntropy>             352       5.0                                                  [2, 3, 4, 5]
MyVoteSys <α=0.50, β=0.33, γ=0.66, MinVariance>            352       5.0                                                  [2, 3, 4, 5]
MyVoteSys <α=0.50, β=0.33, γ=0.66, MaxVariance>            352       2.0                                                  [2, 3, 4, 5]
MyVoteSys <α=0.50, β=0.33, γ=0.80, First>                  352       2.0                                               [2, 3, 4, 5, 6]
MyVoteSys <α=0.50, β=0.33, γ=0.80, Last>                   352       6.0                                               [2, 3, 4, 5, 6]
MyVoteSys <α=0.50, β=0.33, γ=0.80, MinEntropy>             352       2.0                                               [2, 3, 4, 5, 6]
MyVoteSys <α=0.50, β=0.33, γ=0.80, MaxEntropy>             352       6.0                                               [2, 3, 4, 5, 6]
MyVoteSys <α=0.50, β=0.33, γ=0.80, MinVariance>            352       6.0                                               [2, 3, 4, 5, 6]
MyVoteSys <α=0.50, β=0.33, γ=0.80, MaxVariance>            352       2.0                                               [2, 3, 4, 5, 6]
MyVoteSys <α=0.66, β=____, γ=____, First>                  352       5.0           [5, 6, 7, 8, 9, 10, 11, 12, 13, 14, 15, 16, 17, 18]
MyVoteSys <α=0.66, β=____, γ=____, Last>         NullCandidate      18.0           [5, 6, 7, 8, 9, 10, 11, 12, 13, 14, 15, 16, 17, 18]
MyVoteSys <α=0.66, β=____, γ=____, MinEntropy>             352       5.0           [5, 6, 7, 8, 9, 10, 11, 12, 13, 14, 15, 16, 17, 18]
MyVoteSys <α=0.66, β=____, γ=____, MaxEntropy>   NullCandidate      18.0           [5, 6, 7, 8, 9, 10, 11, 12, 13, 14, 15, 16, 17, 18]
MyVoteSys <α=0.66, β=____, γ=____, MinVariance>            352      12.0           [5, 6, 7, 8, 9, 10, 11, 12, 13, 14, 15, 16, 17, 18]
MyVoteSys <α=0.66, β=____, γ=____, MaxVariance>  NullCandidate      18.0           [5, 6, 7, 8, 9, 10, 11, 12, 13, 14, 15, 16, 17, 18]
MyVoteSys <α=0.66, β=____, γ=0.80, First>                  352       5.0                                                        [5, 6]
MyVoteSys <α=0.66, β=____, γ=0.80, Last>                   352       6.0                                                        [5, 6]
MyVoteSys <α=0.66, β=____, γ=0.80, MinEntropy>             352       5.0                                                        [5, 6]
MyVoteSys <α=0.66, β=____, γ=0.80, MaxEntropy>             352       6.0                                                        [5, 6]
MyVoteSys <α=0.66, β=____, γ=0.80, MinVariance>            352       6.0                                                        [5, 6]
MyVoteSys <α=0.66, β=____, γ=0.80, MaxVariance>            352       5.0                                                        [5, 6]
MyVoteSys <α=0.66, β=0.33, γ=____, First>                  352       5.0                                                  [5, 6, 7, 8]
MyVoteSys <α=0.66, β=0.33, γ=____, Last>                   352       8.0                                                  [5, 6, 7, 8]
MyVoteSys <α=0.66, β=0.33, γ=____, MinEntropy>             352       5.0                                                  [5, 6, 7, 8]
MyVoteSys <α=0.66, β=0.33, γ=____, MaxEntropy>             352       8.0                                                  [5, 6, 7, 8]
MyVoteSys <α=0.66, β=0.33, γ=____, MinVariance>            352       7.0                                                  [5, 6, 7, 8]
MyVoteSys <α=0.66, β=0.33, γ=____, MaxVariance>            352       5.0                                                  [5, 6, 7, 8]
MyVoteSys <α=0.66, β=0.33, γ=0.80, First>                  352       5.0                                                        [5, 6]
MyVoteSys <α=0.66, β=0.33, γ=0.80, Last>                   352       6.0                                                        [5, 6]
MyVoteSys <α=0.66, β=0.33, γ=0.80, MinEntropy>             352       5.0                                                        [5, 6]
MyVoteSys <α=0.66, β=0.33, γ=0.80, MaxEntropy>             352       6.0                                                        [5, 6]
MyVoteSys <α=0.66, β=0.33, γ=0.80, MinVariance>            352       6.0                                                        [5, 6]
MyVoteSys <α=0.66, β=0.33, γ=0.80, MaxVariance>            352       5.0                                                        [5, 6]
MyVoteSys <α=0.80, β=____, γ=____, First>                  352       6.0              [6, 7, 8, 9, 10, 11, 12, 13, 14, 15, 16, 17, 18]
MyVoteSys <α=0.80, β=____, γ=____, Last>         NullCandidate      18.0              [6, 7, 8, 9, 10, 11, 12, 13, 14, 15, 16, 17, 18]
MyVoteSys <α=0.80, β=____, γ=____, MinEntropy>             352       6.0              [6, 7, 8, 9, 10, 11, 12, 13, 14, 15, 16, 17, 18]
MyVoteSys <α=0.80, β=____, γ=____, MaxEntropy>   NullCandidate      18.0              [6, 7, 8, 9, 10, 11, 12, 13, 14, 15, 16, 17, 18]
MyVoteSys <α=0.80, β=____, γ=____, MinVariance>            352      12.0              [6, 7, 8, 9, 10, 11, 12, 13, 14, 15, 16, 17, 18]
MyVoteSys <α=0.80, β=____, γ=____, MaxVariance>  NullCandidate      18.0              [6, 7, 8, 9, 10, 11, 12, 13, 14, 15, 16, 17, 18]
MyVoteSys <α=0.80, β=0.33, γ=____, First>                  352       6.0                                                     [6, 7, 8]
MyVoteSys <α=0.80, β=0.33, γ=____, Last>                   352       8.0                                                     [6, 7, 8]
MyVoteSys <α=0.80, β=0.33, γ=____, MinEntropy>             352       6.0                                                     [6, 7, 8]
MyVoteSys <α=0.80, β=0.33, γ=____, MaxEntropy>             352       8.0                                                     [6, 7, 8]
MyVoteSys <α=0.80, β=0.33, γ=____, MinVariance>            352       7.0                                                     [6, 7, 8]
MyVoteSys <α=0.80, β=0.33, γ=____, MaxVariance>            352       8.0                                                     [6, 7, 8]
bestVoter (Dictatorship)                                  1660       NaN                                                           NaN
crowd-Mean                                                 352       NaN                                                           NaN
crowd-Median                                               352       NaN                                                           NaN 

Last Election Candidates:
                        y
Candidates               
2415          -313.851040
253           -256.867864
2521          -175.031185
1323          -172.040303
891           -113.984564
168            -76.789821
1737           -76.460894
512            -61.019051
1660           -43.974095
NullCandidate   -3.467414
2732            16.665911
392             17.192264
175             18.456775
2619            21.590663
1670            30.982532
2357            76.929363
1862           116.784862
2016           137.061240
442            144.778138
352            194.510959

Voters Validation Mean Squared Error:
[17417.05, 16249.38, 15208.7, 17091.91, 15118.32, 15943.74, 16402.97, 15190.39, 14431.92, 14411.22, 17096.84, 15187.02, 14673.73, 17319.1, 16708.15, 15492.69, 14987.12, 16385.72, 16233.8, 15167.37, 13726.92, 13899.75, 16381.17, 16149.33, 16824.85, 16402.37, 13755.97, 16337.27, 16344.07, 15947.52, 16484.66, 15178.1, 16736.87, 16653.8, 16916.88, 16800.3, 17339.19, 17771.03, 16740.69, 17319.46, 15464.65, 13876.6, 16583.03, 15892.33, 16490.21, 16830.53, 15365.26, 17069.98, 15765.49, 17475.91, 17166.16, 16801.08, 17602.35, 16692.39, 14339.54, 16292.59, 17123.54, 17952.12, 16466.39, 17590.34, 17289.44, 17441.68, 17190.22, 14944.88, 15728.89, 13729.34, 16208.44, 16000.69, 16041.21, 17003.83, 16338.99, 13731.97, 16782.09, 17112.17, 16579.14, 15065.7, 16180.54, 15191.39, 17247.32, 16233.94, 15162.47, 15194.28, 16212.66, 16986.61, 16692.24, 13676.05, 15064.81, 15947.91, 17057.97, 14417.58, 14924.47, 16762.48, 16306.04, 15942.54, 14672.24, 14972.25, 16761.87, 17267.8, 16744.28, 17303.83]

Voters Validation Mean Error:
[131.97, 127.47, 123.32, 130.74, 122.96, 126.27, 128.07, 123.25, 120.13, 120.05, 130.75, 123.24, 121.14, 131.6, 129.26, 124.47, 122.42, 128.01, 127.41, 123.16, 117.16, 117.9, 127.99, 127.08, 129.71, 128.07, 117.29, 127.82, 127.84, 126.28, 128.39, 123.2, 129.37, 129.05, 130.06, 129.62, 131.68, 133.31, 129.39, 131.6, 124.36, 117.8, 128.78, 126.06, 128.41, 129.73, 123.96, 130.65, 125.56, 132.2, 131.02, 129.62, 132.67, 129.2, 119.75, 127.64, 130.86, 133.99, 128.32, 132.63, 131.49, 132.07, 131.11, 122.25, 125.41, 117.17, 127.31, 126.49, 126.65, 130.4, 127.82, 117.18, 129.55, 130.81, 128.76, 122.74, 127.2, 123.25, 131.33, 127.41, 123.14, 123.27, 127.33, 130.33, 129.2, 116.94, 122.74, 126.29, 130.61, 120.07, 122.17, 129.47, 127.7, 126.26, 121.13, 122.36, 129.47, 131.41, 129.4, 131.54]

numCandiates : 20
numVoters : 100
numElections : 100
columnBlindness : 8
epochs : 166
trainableLayerCount : 1
crowdBuildMethod : None
dataSetName : mySynthetic
predictedFeature : y

========= SIMULATION RESULTS ========
Metrics                                          meanWinnerRank  rateTrueWinners  rateWinner<NULL  val_Mean²Err
Algorithms                                                                                                     
crowd-Mean                                                 1.33             0.76             0.00  19427.720703
crowd-Median                                               1.33             0.76             0.00  19191.849609
MyVoteSys <α=0.66, β=____, γ=0.80, MinVariance>            1.68             0.60             0.00           NaN
MyVoteSys <α=0.50, β=____, γ=0.80, MinVariance>            1.70             0.59             0.00           NaN
MyVoteSys <α=0.50, β=0.33, γ=____, MinVariance>            1.76             0.58             0.00           NaN
MyVoteSys <α=0.50, β=0.33, γ=____, Last>                   1.77             0.59             0.00           NaN
MyVoteSys <α=0.50, β=0.33, γ=____, MaxEntropy>             1.77             0.59             0.00           NaN
MyVoteSys <α=0.66, β=____, γ=0.80, MinEntropy>             1.77             0.57             0.00           NaN
MyVoteSys <α=0.66, β=____, γ=____, First>                  1.77             0.57             0.00           NaN
MyVoteSys <α=0.66, β=____, γ=____, MinEntropy>             1.77             0.57             0.00           NaN
MyVoteSys <α=0.50, β=____, γ=0.66, Last>                   1.77             0.57             0.00           NaN
MyVoteSys <α=0.50, β=0.33, γ=0.66, Last>                   1.77             0.57             0.00           NaN
MyVoteSys <α=0.50, β=____, γ=0.66, MaxEntropy>             1.77             0.57             0.00           NaN
MyVoteSys <α=0.50, β=0.33, γ=0.66, MaxEntropy>             1.77             0.57             0.00           NaN
MyVoteSys <α=0.50, β=0.33, γ=0.80, MinVariance>            1.77             0.57             0.00           NaN
MyVoteSys <α=0.66, β=____, γ=0.80, First>                  1.77             0.57             0.00           NaN
MyVoteSys <α=0.50, β=0.33, γ=0.80, Last>                   1.78             0.59             0.00           NaN
MyVoteSys <α=0.50, β=0.33, γ=0.80, MaxEntropy>             1.78             0.59             0.00           NaN
MyVoteSys <α=0.66, β=____, γ=0.80, MaxVariance>            1.78             0.56             0.00           NaN
MyVoteSys <α=0.50, β=0.33, γ=0.66, MinVariance>            1.79             0.56             0.00           NaN
MyVoteSys <α=0.50, β=____, γ=0.66, MinVariance>            1.79             0.56             0.00           NaN
MyVoteSys <α=0.66, β=0.33, γ=____, MinVariance>            1.83             0.59             0.00           NaN
MyVoteSys <α=0.66, β=0.33, γ=0.80, MinVariance>            1.84             0.58             0.00           NaN
MyVoteSys <α=0.66, β=0.33, γ=____, MaxEntropy>             1.86             0.59             0.00           NaN
MyVoteSys <α=0.66, β=0.33, γ=____, Last>                   1.86             0.59             0.00           NaN
MyVoteSys <α=0.66, β=0.33, γ=0.80, First>                  1.86             0.57             0.00           NaN
MyVoteSys <α=0.66, β=0.33, γ=0.80, MinEntropy>             1.86             0.57             0.00           NaN
MyVoteSys <α=0.66, β=0.33, γ=____, First>                  1.86             0.57             0.00           NaN
MyVoteSys <α=0.66, β=0.33, γ=____, MinEntropy>             1.86             0.57             0.00           NaN
MyVoteSys <α=0.66, β=0.33, γ=0.80, Last>                   1.87             0.59             0.00           NaN
MyVoteSys <α=0.66, β=0.33, γ=0.80, MaxEntropy>             1.87             0.59             0.00           NaN
MyVoteSys <α=0.50, β=____, γ=0.80, Last>                   1.88             0.59             0.00           NaN
MyVoteSys <α=0.80, β=____, γ=____, First>                  1.88             0.59             0.00           NaN
MyVoteSys <α=0.66, β=____, γ=0.80, Last>                   1.88             0.59             0.00           NaN
MyVoteSys <α=0.66, β=0.33, γ=0.80, MaxVariance>            1.88             0.56             0.00           NaN
MyVoteSys <α=0.66, β=0.33, γ=____, MaxVariance>            1.88             0.56             0.00           NaN
MyVoteSys <α=0.66, β=____, γ=0.80, MaxEntropy>             1.89             0.59             0.00           NaN
MyVoteSys <α=0.50, β=____, γ=0.80, MaxEntropy>             1.89             0.59             0.00           NaN
MyVoteSys <α=0.80, β=____, γ=____, MinEntropy>             1.99             0.58             0.00           NaN
MyVoteSys <α=0.50, β=____, γ=0.66, MaxVariance>            2.07             0.50             0.00           NaN
MyVoteSys <α=0.50, β=0.33, γ=0.66, MaxVariance>            2.07             0.50             0.00           NaN
MyVoteSys <α=0.50, β=0.33, γ=0.80, MinEntropy>             2.08             0.49             0.00           NaN
MyVoteSys <α=0.50, β=0.33, γ=____, MinEntropy>             2.08             0.49             0.00           NaN
MyVoteSys <α=0.50, β=____, γ=0.66, MinEntropy>             2.08             0.49             0.00           NaN
MyVoteSys <α=0.50, β=____, γ=____, First>                  2.08             0.49             0.00           NaN
MyVoteSys <α=0.50, β=0.33, γ=____, First>                  2.08             0.49             0.00           NaN
MyVoteSys <α=0.50, β=____, γ=0.80, MinEntropy>             2.08             0.49             0.00           NaN
MyVoteSys <α=0.50, β=0.33, γ=0.80, First>                  2.08             0.49             0.00           NaN
MyVoteSys <α=0.50, β=____, γ=0.66, First>                  2.08             0.49             0.00           NaN
MyVoteSys <α=0.50, β=0.33, γ=0.66, MinEntropy>             2.08             0.49             0.00           NaN
MyVoteSys <α=0.50, β=____, γ=____, MinEntropy>             2.08             0.49             0.00           NaN
MyVoteSys <α=0.50, β=____, γ=0.80, First>                  2.08             0.49             0.00           NaN
MyVoteSys <α=0.50, β=0.33, γ=0.66, First>                  2.08             0.49             0.00           NaN
MyVoteSys <α=0.50, β=____, γ=0.80, MaxVariance>            2.11             0.48             0.00           NaN
MyVoteSys <α=0.50, β=0.33, γ=0.80, MaxVariance>            2.13             0.49             0.00           NaN
MyVoteSys <α=0.50, β=0.33, γ=____, MaxVariance>            2.13             0.49             0.00           NaN
PreferentialBlockVoting                                    2.28             0.54             0.01           NaN
SingleTransferableVote                                     2.29             0.53             0.01           NaN
InstantRunoffVoting                                        2.33             0.53             0.01           NaN
MyVoteSys <α=0.66, β=____, γ=____, MinVariance>            2.59             0.56             0.00           NaN
MyVoteSys <α=0.50, β=____, γ=____, MinVariance>            2.63             0.55             0.00           NaN
MyVoteSys <α=0.80, β=____, γ=____, MinVariance>            3.18             0.52             0.00           NaN
FirstPastThePost (but without tactical voting)             4.08             0.36             0.08           NaN
bestVoter (Dictatorship)                                   5.20             0.20             0.10  13676.047852
MyVoteSys <α=0.80, β=0.33, γ=____, MinVariance>            5.85             0.40             0.00           NaN
MyVoteSys <α=0.80, β=0.33, γ=____, MaxEntropy>             5.85             0.39             0.00           NaN
MyVoteSys <α=0.80, β=0.33, γ=____, Last>                   5.85             0.39             0.00           NaN
MyVoteSys <α=0.80, β=0.33, γ=____, MinEntropy>             5.86             0.39             0.00           NaN
MyVoteSys <α=0.80, β=0.33, γ=____, First>                  5.86             0.39             0.00           NaN
MyVoteSys <α=0.80, β=0.33, γ=____, MaxVariance>            5.86             0.38             0.00           NaN
MyVoteSys <α=0.80, β=____, γ=____, Last>                   8.45             0.17             0.00           NaN
MyVoteSys <α=0.66, β=____, γ=____, MaxEntropy>             8.45             0.17             0.00           NaN
MyVoteSys <α=0.50, β=____, γ=____, MaxEntropy>             8.45             0.17             0.00           NaN
MyVoteSys <α=0.80, β=____, γ=____, MaxVariance>            8.45             0.17             0.00           NaN
MyVoteSys <α=0.80, β=____, γ=____, MaxEntropy>             8.45             0.17             0.00           NaN
MyVoteSys <α=0.50, β=____, γ=____, MaxVariance>            8.45             0.17             0.00           NaN
MyVoteSys <α=0.66, β=____, γ=____, Last>                   8.45             0.17             0.00           NaN
MyVoteSys <α=0.50, β=____, γ=____, Last>                   8.45             0.17             0.00           NaN
MyVoteSys <α=0.66, β=____, γ=____, MaxVariance>            8.45             0.17             0.00           NaN

