
===== Last Election voting process ======

Stamp Counts Table:
Candidates  764  937  2306  1678  2699  491  648  1163  2941  31  197  160  683  2172  1370  1874  2745  331  2543  NullCandidate
Stage                                                                                                                            
0             0    0     0     0     0    0   29     0     7  10   14    0    1    11     1    13     3  143    68              0
1            25   21     0    27     1   29   60     0     7   8    0    0   10    15     0    19    10    2    66              0
2            20   26     0     9    22   10   79     8     0   1   12    5   18     2    19    31    30    0     8              0
3            32    9    17    33    22   30    0     6     0   0    0   16   16     0     5    65    12   35     2              0
4            72    9    34     5    40   25    0     3    44  15    3    1   12    11    18     0     6    0     2              0
5            13   29    15    19    10   76    1    22    40   0   11    4   19    28     2     2     8    0     1              0
6             7   86    16    14     0   23   10    12    25  10   12   22    0    10    21    13     2    3     0             14
7             2    4    20     0    25    0   21     2    21  25   10   94    5     6    12     2    17   10     9             15
8            14    0    14     1     2   19   24    16    13   8   24    0   64    23     5    11     3   36     5             18
9            12    4     6     1     3   10   23     6    16   5   23    0   24    16    80    14    16    2    17             22
10            9    4     2    17    20   12    2    14    23   2    3   11    3    15     8    39    70   28    13              5
11           47   11     7     3     1    8   17    73     5   3   23   31   27     0     2     4    25    3    10              0
12            7   44    16    66    14   12   19     1     1   0    7   22   14     0    14    31     1    0    11             20
13           12   19     3    12    74    1    0    24     2   2   11   40   18     3    35    14    18    0    11              1
14           18    5    67    17     3   15    0    18     9   7    0   28   30     4    42     6    19    1    11              0
15           10   26     6    12    21   12    0    52     0  22   17    0    4    66    10     1    29    4     8              0
16            0    0    57    46    18    7    0    13     1  65    4   15   15    19     1    16    13    0     9              1
17            0    3    20    12    17    1    0    10    66  64   10    7   12    57     2     4     0    1    13              1
18            0    0     0     6     7   10   15    20    20  53  116    0    1     4    13     1     2   16    15              1
19            0    0     0     0     0    0    0     0     0   0    0    4    7    10    10    14    16   16    21            202

Processed Vote Counts Table:
Candidates  764  937  2306  1678  2699  491  648  1163  2941   31  197  160  683  2172  1370  1874  2745  331  2543  NullCandidate
Stage                                                                                                                             
0             0    0     0     0     0    0   29     0     7   10   14    0    1    11     1    13     3  143    68              0
1            25   21     0    27     1   29   89     0    14   18   14    0   11    26     1    32    13  145   134              0
2            45   47     0    36    23   39  168     8    14   19   26    5   29    28    20    63    43  145   142              0
3            77   56    17    69    45   69  168    14    14   19   26   21   45    28    25   128    55  180   144              0
4           149   65    51    74    85   94  168    17    58   34   29   22   57    39    43   128    61  180   146              0
5           162   94    66    93    95  170  169    39    98   34   40   26   76    67    45   130    69  180   147              0
6           169  180    82   107    95  193  179    51   123   44   52   48   76    77    66   143    71  183   147             14
7           171  184   102   107   120  193  200    53   144   69   62  142   81    83    78   145    88  193   156             29
8           185  184   116   108   122  212  224    69   157   77   86  142  145   106    83   156    91  229   161             47
9           197  188   122   109   125  222  247    75   173   82  109  142  169   122   163   170   107  231   178             69
10          206  192   124   126   145  234  249    89   196   84  112  153  172   137   171   209   177  259   191             74
11          253  203   131   129   146  242  266   162   201   87  135  184  199   137   173   213   202  262   201             74
12          260  247   147   195   160  254  285   163   202   87  142  206  213   137   187   244   203  262   212             94
13          272  266   150   207   234  255  285   187   204   89  153  246  231   140   222   258   221  262   223             95
14          290  271   217   224   237  270  285   205   213   96  153  274  261   144   264   264   240  263   234             95
15          300  297   223   236   258  282  285   257   213  118  170  274  265   210   274   265   269  267   242             95
16          300  297   280   282   276  289  285   270   214  183  174  289  280   229   275   281   282  267   251             96
17          300  300   300   294   293  290  285   280   280  247  184  296  292   286   277   285   282  268   264             97
18          300  300   300   300   300  300  300   300   300  300  300  296  293   290   290   286   284  284   279             98
19          300  300   300   300   300  300  300   300   300  300  300  300  300   300   300   300   300  300   300            300

Score(%) of Candidates Table:
Candidates         764         937        2306        1678        2699         491         648        1163        2941          31         197         160         683        2172        1370        1874        2745         331        2543  NullCandidate
Stage                                                                                                                                                                                                                                                        
0             0.000000    0.000000    0.000000    0.000000    0.000000    0.000000    9.666667    0.000000    2.333333    3.333333    4.666667    0.000000    0.333333    3.666667    0.333333    4.333333    1.000000   47.666667   22.666667       0.000000
1             8.333333    7.000000    0.000000    9.000000    0.333333    9.666667   29.666667    0.000000    4.666667    6.000000    4.666667    0.000000    3.666667    8.666667    0.333333   10.666667    4.333333   48.333333   44.666667       0.000000
2            15.000000   15.666667    0.000000   12.000000    7.666667   13.000000   56.000000    2.666667    4.666667    6.333333    8.666667    1.666667    9.666667    9.333333    6.666667   21.000000   14.333333   48.333333   47.333333       0.000000
3            25.666667   18.666667    5.666667   23.000000   15.000000   23.000000   56.000000    4.666667    4.666667    6.333333    8.666667    7.000000   15.000000    9.333333    8.333333   42.666667   18.333333   60.000000   48.000000       0.000000
4            49.666667   21.666667   17.000000   24.666667   28.333333   31.333333   56.000000    5.666667   19.333333   11.333333    9.666667    7.333333   19.000000   13.000000   14.333333   42.666667   20.333333   60.000000   48.666667       0.000000
5            54.000000   31.333333   22.000000   31.000000   31.666667   56.666667   56.333333   13.000000   32.666667   11.333333   13.333333    8.666667   25.333333   22.333333   15.000000   43.333333   23.000000   60.000000   49.000000       0.000000
6            56.333333   60.000000   27.333333   35.666667   31.666667   64.333333   59.666667   17.000000   41.000000   14.666667   17.333333   16.000000   25.333333   25.666667   22.000000   47.666667   23.666667   61.000000   49.000000       4.666667
7            57.000000   61.333333   34.000000   35.666667   40.000000   64.333333   66.666667   17.666667   48.000000   23.000000   20.666667   47.333333   27.000000   27.666667   26.000000   48.333333   29.333333   64.333333   52.000000       9.666667
8            61.666667   61.333333   38.666667   36.000000   40.666667   70.666667   74.666667   23.000000   52.333333   25.666667   28.666667   47.333333   48.333333   35.333333   27.666667   52.000000   30.333333   76.333333   53.666667      15.666667
9            65.666667   62.666667   40.666667   36.333333   41.666667   74.000000   82.333333   25.000000   57.666667   27.333333   36.333333   47.333333   56.333333   40.666667   54.333333   56.666667   35.666667   77.000000   59.333333      23.000000
10           68.666667   64.000000   41.333333   42.000000   48.333333   78.000000   83.000000   29.666667   65.333333   28.000000   37.333333   51.000000   57.333333   45.666667   57.000000   69.666667   59.000000   86.333333   63.666667      24.666667
11           84.333333   67.666667   43.666667   43.000000   48.666667   80.666667   88.666667   54.000000   67.000000   29.000000   45.000000   61.333333   66.333333   45.666667   57.666667   71.000000   67.333333   87.333333   67.000000      24.666667
12           86.666667   82.333333   49.000000   65.000000   53.333333   84.666667   95.000000   54.333333   67.333333   29.000000   47.333333   68.666667   71.000000   45.666667   62.333333   81.333333   67.666667   87.333333   70.666667      31.333333
13           90.666667   88.666667   50.000000   69.000000   78.000000   85.000000   95.000000   62.333333   68.000000   29.666667   51.000000   82.000000   77.000000   46.666667   74.000000   86.000000   73.666667   87.333333   74.333333      31.666667
14           96.666667   90.333333   72.333333   74.666667   79.000000   90.000000   95.000000   68.333333   71.000000   32.000000   51.000000   91.333333   87.000000   48.000000   88.000000   88.000000   80.000000   87.666667   78.000000      31.666667
15          100.000000   99.000000   74.333333   78.666667   86.000000   94.000000   95.000000   85.666667   71.000000   39.333333   56.666667   91.333333   88.333333   70.000000   91.333333   88.333333   89.666667   89.000000   80.666667      31.666667
16          100.000000   99.000000   93.333333   94.000000   92.000000   96.333333   95.000000   90.000000   71.333333   61.000000   58.000000   96.333333   93.333333   76.333333   91.666667   93.666667   94.000000   89.000000   83.666667      32.000000
17          100.000000  100.000000  100.000000   98.000000   97.666667   96.666667   95.000000   93.333333   93.333333   82.333333   61.333333   98.666667   97.333333   95.333333   92.333333   95.000000   94.000000   89.333333   88.000000      32.333333
18          100.000000  100.000000  100.000000  100.000000  100.000000  100.000000  100.000000  100.000000  100.000000  100.000000  100.000000   98.666667   97.666667   96.666667   96.666667   95.333333   94.666667   94.666667   93.000000      32.666667
19          100.000000  100.000000  100.000000  100.000000  100.000000  100.000000  100.000000  100.000000  100.000000  100.000000  100.000000  100.000000  100.000000  100.000000  100.000000  100.000000  100.000000  100.000000  100.000000     100.000000

                                                 winner  winStage                                                   validStages
algorithm                                                                                                                      
InstantRunoffVoting                                 331       NaN                                                           NaN
SingleTransferableVote                              331       NaN                                                           NaN
PreferentialBlockVoting                             331       NaN                                                           NaN
FirstPastThePost (but without tactical voting)      331       NaN                                                           NaN
MyVoteSys <α=0.50, β=____, γ=____, First>           648       2.0  [2, 3, 4, 5, 6, 7, 8, 9, 10, 11, 12, 13, 14, 15, 16, 17, 18]
MyVoteSys <α=0.50, β=____, γ=____, Last>            764      18.0  [2, 3, 4, 5, 6, 7, 8, 9, 10, 11, 12, 13, 14, 15, 16, 17, 18]
MyVoteSys <α=0.50, β=____, γ=____, MinEntropy>      648       2.0  [2, 3, 4, 5, 6, 7, 8, 9, 10, 11, 12, 13, 14, 15, 16, 17, 18]
MyVoteSys <α=0.50, β=____, γ=____, MaxEntropy>      764      18.0  [2, 3, 4, 5, 6, 7, 8, 9, 10, 11, 12, 13, 14, 15, 16, 17, 18]
MyVoteSys <α=0.50, β=____, γ=____, MinVariance>     764      14.0  [2, 3, 4, 5, 6, 7, 8, 9, 10, 11, 12, 13, 14, 15, 16, 17, 18]
MyVoteSys <α=0.50, β=____, γ=____, MaxVariance>     764      18.0  [2, 3, 4, 5, 6, 7, 8, 9, 10, 11, 12, 13, 14, 15, 16, 17, 18]
MyVoteSys <α=0.50, β=____, γ=0.66, First>           648       2.0                                            [2, 3, 4, 5, 6, 7]
MyVoteSys <α=0.50, β=____, γ=0.66, Last>            648       7.0                                            [2, 3, 4, 5, 6, 7]
MyVoteSys <α=0.50, β=____, γ=0.66, MinEntropy>      648       2.0                                            [2, 3, 4, 5, 6, 7]
MyVoteSys <α=0.50, β=____, γ=0.66, MaxEntropy>      648       7.0                                            [2, 3, 4, 5, 6, 7]
MyVoteSys <α=0.50, β=____, γ=0.66, MinVariance>     491       6.0                                            [2, 3, 4, 5, 6, 7]
MyVoteSys <α=0.50, β=____, γ=0.66, MaxVariance>     648       2.0                                            [2, 3, 4, 5, 6, 7]
MyVoteSys <α=0.50, β=____, γ=0.80, First>           648       2.0                                      [2, 3, 4, 5, 6, 7, 8, 9]
MyVoteSys <α=0.50, β=____, γ=0.80, Last>            648       9.0                                      [2, 3, 4, 5, 6, 7, 8, 9]
MyVoteSys <α=0.50, β=____, γ=0.80, MinEntropy>      648       2.0                                      [2, 3, 4, 5, 6, 7, 8, 9]
MyVoteSys <α=0.50, β=____, γ=0.80, MaxEntropy>      648       9.0                                      [2, 3, 4, 5, 6, 7, 8, 9]
MyVoteSys <α=0.50, β=____, γ=0.80, MinVariance>     491       6.0                                      [2, 3, 4, 5, 6, 7, 8, 9]
MyVoteSys <α=0.50, β=____, γ=0.80, MaxVariance>     648       2.0                                      [2, 3, 4, 5, 6, 7, 8, 9]
MyVoteSys <α=0.50, β=0.33, γ=____, First>           648       2.0  [2, 3, 4, 5, 6, 7, 8, 9, 10, 11, 12, 13, 14, 15, 16, 17, 18]
MyVoteSys <α=0.50, β=0.33, γ=____, Last>            764      18.0  [2, 3, 4, 5, 6, 7, 8, 9, 10, 11, 12, 13, 14, 15, 16, 17, 18]
MyVoteSys <α=0.50, β=0.33, γ=____, MinEntropy>      648       2.0  [2, 3, 4, 5, 6, 7, 8, 9, 10, 11, 12, 13, 14, 15, 16, 17, 18]
MyVoteSys <α=0.50, β=0.33, γ=____, MaxEntropy>      764      18.0  [2, 3, 4, 5, 6, 7, 8, 9, 10, 11, 12, 13, 14, 15, 16, 17, 18]
MyVoteSys <α=0.50, β=0.33, γ=____, MinVariance>     764      14.0  [2, 3, 4, 5, 6, 7, 8, 9, 10, 11, 12, 13, 14, 15, 16, 17, 18]
MyVoteSys <α=0.50, β=0.33, γ=____, MaxVariance>     764      18.0  [2, 3, 4, 5, 6, 7, 8, 9, 10, 11, 12, 13, 14, 15, 16, 17, 18]
MyVoteSys <α=0.50, β=0.33, γ=0.66, First>           648       2.0                                            [2, 3, 4, 5, 6, 7]
MyVoteSys <α=0.50, β=0.33, γ=0.66, Last>            648       7.0                                            [2, 3, 4, 5, 6, 7]
MyVoteSys <α=0.50, β=0.33, γ=0.66, MinEntropy>      648       2.0                                            [2, 3, 4, 5, 6, 7]
MyVoteSys <α=0.50, β=0.33, γ=0.66, MaxEntropy>      648       7.0                                            [2, 3, 4, 5, 6, 7]
MyVoteSys <α=0.50, β=0.33, γ=0.66, MinVariance>     491       6.0                                            [2, 3, 4, 5, 6, 7]
MyVoteSys <α=0.50, β=0.33, γ=0.66, MaxVariance>     648       2.0                                            [2, 3, 4, 5, 6, 7]
MyVoteSys <α=0.50, β=0.33, γ=0.80, First>           648       2.0                                      [2, 3, 4, 5, 6, 7, 8, 9]
MyVoteSys <α=0.50, β=0.33, γ=0.80, Last>            648       9.0                                      [2, 3, 4, 5, 6, 7, 8, 9]
MyVoteSys <α=0.50, β=0.33, γ=0.80, MinEntropy>      648       2.0                                      [2, 3, 4, 5, 6, 7, 8, 9]
MyVoteSys <α=0.50, β=0.33, γ=0.80, MaxEntropy>      648       9.0                                      [2, 3, 4, 5, 6, 7, 8, 9]
MyVoteSys <α=0.50, β=0.33, γ=0.80, MinVariance>     491       6.0                                      [2, 3, 4, 5, 6, 7, 8, 9]
MyVoteSys <α=0.50, β=0.33, γ=0.80, MaxVariance>     648       2.0                                      [2, 3, 4, 5, 6, 7, 8, 9]
MyVoteSys <α=0.66, β=____, γ=____, First>           648       7.0                 [7, 8, 9, 10, 11, 12, 13, 14, 15, 16, 17, 18]
MyVoteSys <α=0.66, β=____, γ=____, Last>            764      18.0                 [7, 8, 9, 10, 11, 12, 13, 14, 15, 16, 17, 18]
MyVoteSys <α=0.66, β=____, γ=____, MinEntropy>      648       7.0                 [7, 8, 9, 10, 11, 12, 13, 14, 15, 16, 17, 18]
MyVoteSys <α=0.66, β=____, γ=____, MaxEntropy>      764      18.0                 [7, 8, 9, 10, 11, 12, 13, 14, 15, 16, 17, 18]
MyVoteSys <α=0.66, β=____, γ=____, MinVariance>     764      14.0                 [7, 8, 9, 10, 11, 12, 13, 14, 15, 16, 17, 18]
MyVoteSys <α=0.66, β=____, γ=____, MaxVariance>     764      18.0                 [7, 8, 9, 10, 11, 12, 13, 14, 15, 16, 17, 18]
MyVoteSys <α=0.66, β=____, γ=0.80, First>           648       7.0                                                     [7, 8, 9]
MyVoteSys <α=0.66, β=____, γ=0.80, Last>            648       9.0                                                     [7, 8, 9]
MyVoteSys <α=0.66, β=____, γ=0.80, MinEntropy>      648       7.0                                                     [7, 8, 9]
MyVoteSys <α=0.66, β=____, γ=0.80, MaxEntropy>      648       9.0                                                     [7, 8, 9]
MyVoteSys <α=0.66, β=____, γ=0.80, MinVariance>     331       8.0                                                     [7, 8, 9]
MyVoteSys <α=0.66, β=____, γ=0.80, MaxVariance>     648       9.0                                                     [7, 8, 9]
MyVoteSys <α=0.66, β=0.33, γ=____, First>           648       7.0                 [7, 8, 9, 10, 11, 12, 13, 14, 15, 16, 17, 18]
MyVoteSys <α=0.66, β=0.33, γ=____, Last>            764      18.0                 [7, 8, 9, 10, 11, 12, 13, 14, 15, 16, 17, 18]
MyVoteSys <α=0.66, β=0.33, γ=____, MinEntropy>      648       7.0                 [7, 8, 9, 10, 11, 12, 13, 14, 15, 16, 17, 18]
MyVoteSys <α=0.66, β=0.33, γ=____, MaxEntropy>      764      18.0                 [7, 8, 9, 10, 11, 12, 13, 14, 15, 16, 17, 18]
MyVoteSys <α=0.66, β=0.33, γ=____, MinVariance>     764      14.0                 [7, 8, 9, 10, 11, 12, 13, 14, 15, 16, 17, 18]
MyVoteSys <α=0.66, β=0.33, γ=____, MaxVariance>     764      18.0                 [7, 8, 9, 10, 11, 12, 13, 14, 15, 16, 17, 18]
MyVoteSys <α=0.66, β=0.33, γ=0.80, First>           648       7.0                                                     [7, 8, 9]
MyVoteSys <α=0.66, β=0.33, γ=0.80, Last>            648       9.0                                                     [7, 8, 9]
MyVoteSys <α=0.66, β=0.33, γ=0.80, MinEntropy>      648       7.0                                                     [7, 8, 9]
MyVoteSys <α=0.66, β=0.33, γ=0.80, MaxEntropy>      648       9.0                                                     [7, 8, 9]
MyVoteSys <α=0.66, β=0.33, γ=0.80, MinVariance>     331       8.0                                                     [7, 8, 9]
MyVoteSys <α=0.66, β=0.33, γ=0.80, MaxVariance>     648       9.0                                                     [7, 8, 9]
MyVoteSys <α=0.80, β=____, γ=____, First>           648       9.0                       [9, 10, 11, 12, 13, 14, 15, 16, 17, 18]
MyVoteSys <α=0.80, β=____, γ=____, Last>            764      18.0                       [9, 10, 11, 12, 13, 14, 15, 16, 17, 18]
MyVoteSys <α=0.80, β=____, γ=____, MinEntropy>      648       9.0                       [9, 10, 11, 12, 13, 14, 15, 16, 17, 18]
MyVoteSys <α=0.80, β=____, γ=____, MaxEntropy>      764      18.0                       [9, 10, 11, 12, 13, 14, 15, 16, 17, 18]
MyVoteSys <α=0.80, β=____, γ=____, MinVariance>     764      14.0                       [9, 10, 11, 12, 13, 14, 15, 16, 17, 18]
MyVoteSys <α=0.80, β=____, γ=____, MaxVariance>     764      18.0                       [9, 10, 11, 12, 13, 14, 15, 16, 17, 18]
MyVoteSys <α=0.80, β=0.33, γ=____, First>           648       9.0                       [9, 10, 11, 12, 13, 14, 15, 16, 17, 18]
MyVoteSys <α=0.80, β=0.33, γ=____, Last>            764      18.0                       [9, 10, 11, 12, 13, 14, 15, 16, 17, 18]
MyVoteSys <α=0.80, β=0.33, γ=____, MinEntropy>      648       9.0                       [9, 10, 11, 12, 13, 14, 15, 16, 17, 18]
MyVoteSys <α=0.80, β=0.33, γ=____, MaxEntropy>      764      18.0                       [9, 10, 11, 12, 13, 14, 15, 16, 17, 18]
MyVoteSys <α=0.80, β=0.33, γ=____, MinVariance>     764      14.0                       [9, 10, 11, 12, 13, 14, 15, 16, 17, 18]
MyVoteSys <α=0.80, β=0.33, γ=____, MaxVariance>     764      18.0                       [9, 10, 11, 12, 13, 14, 15, 16, 17, 18]
bestVoter (Dictatorship)                           2543       NaN                                                           NaN
crowd-Mean                                         2941       NaN                                                           NaN
crowd-Median                                       2941       NaN                                                           NaN 

Last Election Candidates:
                        y
Candidates               
160           -257.433525
31            -193.153680
2745          -193.114960
1163          -152.699228
1370          -143.519517
1874          -139.635025
2543          -134.752301
2306           -74.138618
491            -56.490544
NullCandidate   -3.467414
197              5.233067
683             15.855408
2172            28.614196
937             51.218483
764             59.702879
331             65.656168
2699            97.135131
648            103.417029
1678           145.682117
2941           289.762267

VotersValMSE:
[18353.92, 18622.66, 18445.48, 18961.26, 18954.89, 18132.76, 18604.7, 18130.5, 17780.21, 18957.89, 18297.53, 18969.19, 18968.88, 18312.63, 18483.07, 18367.73, 18969.02, 17904.29, 18934.13, 18270.19, 18969.03, 18543.05, 18338.29, 17876.82, 18961.32, 18413.37, 18363.99, 17917.2, 18961.47, 18970.6, 17756.79, 18827.69, 18969.0, 17790.85, 18290.25, 18935.22, 18700.08, 18968.85, 18516.05, 18969.41, 18969.03, 17784.37, 18151.81, 17863.97, 18969.26, 18975.86, 18094.88, 18494.94, 18127.85, 18163.2, 18154.01, 18204.91, 18969.16, 18405.05, 18962.39, 18350.86, 17837.04, 18602.75, 18969.11, 18188.38, 18968.85, 18965.73, 18968.61, 18029.54, 19002.71, 18983.42, 18338.95, 18073.9, 18968.97, 18328.78, 18967.6, 18961.24, 18969.55, 18386.96, 17789.77, 18968.9, 18968.34, 18612.62, 17677.83, 18946.26, 18966.5, 18969.08, 18969.05, 18964.32, 18179.48, 18384.8, 17846.41, 17458.04, 17906.47, 18987.23, 18969.74, 17735.85, 18335.64, 18979.07, 18046.13, 18969.25, 18150.1, 17762.5, 18961.32, 18609.17, 18190.74, 18970.17, 18333.69, 18294.53, 18382.31, 18598.42, 17697.83, 18331.2, 18138.02, 18982.14, 18961.28, 18149.8, 18969.27, 17374.17, 18334.93, 17909.92, 18960.02, 17955.83, 18927.84, 17991.78, 17920.89, 17823.37, 18969.98, 18967.99, 18969.1, 18968.19, 18345.14, 18969.28, 17748.25, 17384.54, 18970.45, 17872.84, 18971.14, 18130.06, 18894.91, 17796.79, 17871.62, 18767.83, 18264.6, 17850.08, 18333.18, 18781.44, 18975.56, 18119.7, 18076.37, 18258.0, 17827.74, 18600.35, 18929.32, 18968.57, 18955.72, 18331.93, 17815.37, 18039.75, 18492.05, 18969.67, 18962.86, 17852.87, 18960.43, 18127.53, 17273.23, 18969.08, 18290.77, 18335.99, 18251.62, 18923.79, 18038.52, 18783.13, 18077.21, 18432.27, 17807.15, 18969.68, 18966.97, 18969.58, 18271.02, 18329.68, 17901.11, 18968.22, 17808.33, 18149.45, 18961.17, 18968.22, 17814.62, 18254.49, 18968.25, 18969.58, 18479.41, 18370.67, 17845.91, 17288.28, 17936.87, 18181.48, 17892.2, 18969.51, 18961.33, 18625.53, 18968.86, 18362.98, 18618.06, 18359.16, 18338.96, 18963.88, 18516.37, 18080.16, 18959.74, 18968.72, 18446.1, 18939.99, 18023.85, 17900.34, 18963.35, 18127.92, 18497.71, 18413.04, 18968.78, 17288.49, 18901.84, 18400.65, 17925.78, 18969.65, 18339.71, 18600.87, 17892.28, 18969.31, 18447.71, 18961.26, 18141.33, 18961.31, 18947.15, 17833.83, 18968.42, 17792.19, 18348.52, 18968.87, 17849.1, 18989.85, 17867.59, 18239.59, 18436.45, 18926.03, 17885.36, 17865.64, 18152.46, 17855.91, 17869.83, 18604.4, 18985.83, 17876.67, 18961.19, 18955.54, 18959.67, 18486.77, 18282.42, 18372.84, 18867.04, 18236.19, 17774.77, 18607.69, 18667.51, 18226.5, 18512.06, 17373.81, 17781.0, 17816.81, 17847.9, 18278.04, 18951.6, 17872.1, 18969.0, 18969.37, 18967.65, 17434.09, 18603.8, 18096.24, 18968.16, 18969.35, 17458.14, 18968.86, 17851.09, 17807.72, 18381.69, 17754.65, 18083.68, 17890.04, 18969.42, 18329.45, 18272.64, 18892.28, 18124.05, 18975.91, 18961.23, 18123.56, 18183.65, 18952.76, 18124.22, 17802.38, 18887.69, 18377.54, 18968.03, 18489.94]

numCandiates : 20
numVoters : 300
numElections : 600
columnBlindness : 9
epochs : 66
trainableLayerCount : 1
crowdBuildMethod : None
dataSetName : mySynthetic
predictedFeature : y

========= SIMULATION RESULTS ========
Metrics                                          meanWinnerRank  rateTrueWinners  rateWinner<NULL  val_Mean²Err
Algorithms                                                                                                     
crowd-Mean                                             1.368333         0.750000         0.000000  18985.064453
crowd-Median                                           1.368333         0.750000         0.000000  18967.033203
MyVoteSys <α=0.50, β=0.33, γ=0.80, MinVariance>        3.736667         0.318333         0.050000           NaN
MyVoteSys <α=0.50, β=____, γ=0.80, MinVariance>        3.736667         0.318333         0.050000           NaN
MyVoteSys <α=0.66, β=0.33, γ=0.80, MinVariance>        3.755000         0.321667         0.051667           NaN
MyVoteSys <α=0.66, β=____, γ=0.80, MinVariance>        3.755000         0.321667         0.051667           NaN
MyVoteSys <α=0.80, β=____, γ=____, MinEntropy>         3.806667         0.323333         0.056667           NaN
MyVoteSys <α=0.80, β=0.33, γ=____, MinEntropy>         3.806667         0.323333         0.056667           NaN
MyVoteSys <α=0.66, β=____, γ=____, MinEntropy>         3.891667         0.281667         0.056667           NaN
MyVoteSys <α=0.66, β=____, γ=0.80, MinEntropy>         3.891667         0.281667         0.056667           NaN
MyVoteSys <α=0.66, β=0.33, γ=0.80, MinEntropy>         3.891667         0.281667         0.056667           NaN
MyVoteSys <α=0.66, β=0.33, γ=____, MinEntropy>         3.891667         0.281667         0.056667           NaN
MyVoteSys <α=0.66, β=____, γ=____, First>              3.893333         0.280000         0.056667           NaN
MyVoteSys <α=0.50, β=0.33, γ=0.66, Last>               3.893333         0.280000         0.056667           NaN
MyVoteSys <α=0.66, β=0.33, γ=____, First>              3.893333         0.280000         0.056667           NaN
MyVoteSys <α=0.50, β=____, γ=0.66, MaxEntropy>         3.893333         0.280000         0.056667           NaN
MyVoteSys <α=0.50, β=____, γ=0.66, Last>               3.893333         0.280000         0.056667           NaN
MyVoteSys <α=0.66, β=____, γ=0.80, First>              3.893333         0.280000         0.056667           NaN
MyVoteSys <α=0.66, β=0.33, γ=0.80, First>              3.893333         0.280000         0.056667           NaN
MyVoteSys <α=0.50, β=0.33, γ=0.66, MaxEntropy>         3.893333         0.280000         0.056667           NaN
MyVoteSys <α=0.80, β=0.33, γ=____, First>              3.895000         0.316667         0.061667           NaN
MyVoteSys <α=0.50, β=0.33, γ=0.80, Last>               3.895000         0.316667         0.061667           NaN
MyVoteSys <α=0.80, β=____, γ=____, First>              3.895000         0.316667         0.061667           NaN
MyVoteSys <α=0.66, β=0.33, γ=0.80, Last>               3.895000         0.316667         0.061667           NaN
MyVoteSys <α=0.66, β=____, γ=0.80, Last>               3.895000         0.316667         0.061667           NaN
MyVoteSys <α=0.50, β=____, γ=0.80, Last>               3.895000         0.316667         0.061667           NaN
MyVoteSys <α=0.50, β=____, γ=0.66, MinVariance>        3.918333         0.271667         0.051667           NaN
MyVoteSys <α=0.50, β=0.33, γ=0.66, MinVariance>        3.918333         0.271667         0.051667           NaN
MyVoteSys <α=0.66, β=____, γ=0.80, MaxEntropy>         3.980000         0.303333         0.066667           NaN
MyVoteSys <α=0.66, β=0.33, γ=0.80, MaxEntropy>         3.980000         0.303333         0.066667           NaN
MyVoteSys <α=0.50, β=____, γ=0.80, MaxEntropy>         3.980000         0.303333         0.066667           NaN
MyVoteSys <α=0.50, β=0.33, γ=0.80, MaxEntropy>         3.980000         0.303333         0.066667           NaN
MyVoteSys <α=0.50, β=____, γ=____, MinVariance>        4.060000         0.305000         0.073333           NaN
MyVoteSys <α=0.50, β=0.33, γ=____, MinVariance>        4.060000         0.305000         0.073333           NaN
MyVoteSys <α=0.66, β=0.33, γ=____, MinVariance>        4.078333         0.306667         0.076667           NaN
MyVoteSys <α=0.66, β=____, γ=____, MinVariance>        4.078333         0.306667         0.076667           NaN
MyVoteSys <α=0.80, β=0.33, γ=____, MinVariance>        4.188333         0.303333         0.078333           NaN
MyVoteSys <α=0.80, β=____, γ=____, MinVariance>        4.188333         0.303333         0.078333           NaN
MyVoteSys <α=0.66, β=____, γ=0.80, MaxVariance>        4.263333         0.255000         0.076667           NaN
MyVoteSys <α=0.66, β=0.33, γ=0.80, MaxVariance>        4.263333         0.255000         0.076667           NaN
MyVoteSys <α=0.50, β=____, γ=0.80, MaxVariance>        5.700000         0.123333         0.115000           NaN
MyVoteSys <α=0.50, β=0.33, γ=0.80, MaxVariance>        5.700000         0.123333         0.115000           NaN
MyVoteSys <α=0.50, β=____, γ=0.66, MaxVariance>        5.735000         0.121667         0.116667           NaN
MyVoteSys <α=0.50, β=0.33, γ=0.66, MaxVariance>        5.735000         0.121667         0.116667           NaN
MyVoteSys <α=0.50, β=____, γ=0.80, First>              5.751667         0.121667         0.118333           NaN
MyVoteSys <α=0.50, β=____, γ=0.80, MinEntropy>         5.751667         0.121667         0.118333           NaN
MyVoteSys <α=0.50, β=____, γ=____, First>              5.751667         0.121667         0.118333           NaN
MyVoteSys <α=0.50, β=____, γ=____, MinEntropy>         5.751667         0.121667         0.118333           NaN
MyVoteSys <α=0.50, β=____, γ=0.66, First>              5.751667         0.121667         0.118333           NaN
MyVoteSys <α=0.50, β=0.33, γ=____, MinEntropy>         5.751667         0.121667         0.118333           NaN
MyVoteSys <α=0.50, β=0.33, γ=0.66, First>              5.751667         0.121667         0.118333           NaN
MyVoteSys <α=0.50, β=____, γ=0.66, MinEntropy>         5.751667         0.121667         0.118333           NaN
MyVoteSys <α=0.50, β=0.33, γ=____, First>              5.751667         0.121667         0.118333           NaN
MyVoteSys <α=0.50, β=0.33, γ=0.80, MinEntropy>         5.751667         0.121667         0.118333           NaN
MyVoteSys <α=0.50, β=0.33, γ=0.66, MinEntropy>         5.751667         0.121667         0.118333           NaN
MyVoteSys <α=0.50, β=0.33, γ=0.80, First>              5.751667         0.121667         0.118333           NaN
MyVoteSys <α=0.50, β=0.33, γ=____, MaxVariance>        5.911667         0.116667         0.120000           NaN
MyVoteSys <α=0.50, β=____, γ=____, MaxVariance>        5.911667         0.116667         0.120000           NaN
MyVoteSys <α=0.66, β=0.33, γ=____, MaxVariance>        6.225000         0.135000         0.158333           NaN
MyVoteSys <α=0.66, β=____, γ=____, MaxVariance>        6.225000         0.135000         0.158333           NaN
MyVoteSys <α=0.80, β=0.33, γ=____, MaxVariance>        6.245000         0.135000         0.161667           NaN
MyVoteSys <α=0.80, β=____, γ=____, MaxVariance>        6.245000         0.135000         0.161667           NaN
MyVoteSys <α=0.66, β=____, γ=____, Last>               6.266667         0.135000         0.161667           NaN
MyVoteSys <α=0.80, β=0.33, γ=____, Last>               6.266667         0.135000         0.161667           NaN
MyVoteSys <α=0.80, β=0.33, γ=____, MaxEntropy>         6.266667         0.135000         0.161667           NaN
MyVoteSys <α=0.66, β=0.33, γ=____, Last>               6.266667         0.135000         0.161667           NaN
MyVoteSys <α=0.50, β=____, γ=____, Last>               6.266667         0.135000         0.161667           NaN
MyVoteSys <α=0.66, β=0.33, γ=____, MaxEntropy>         6.266667         0.135000         0.161667           NaN
MyVoteSys <α=0.50, β=0.33, γ=____, MaxEntropy>         6.266667         0.135000         0.161667           NaN
MyVoteSys <α=0.50, β=____, γ=____, MaxEntropy>         6.266667         0.135000         0.161667           NaN
MyVoteSys <α=0.50, β=0.33, γ=____, Last>               6.266667         0.135000         0.161667           NaN
MyVoteSys <α=0.80, β=____, γ=____, Last>               6.266667         0.135000         0.161667           NaN
MyVoteSys <α=0.66, β=____, γ=____, MaxEntropy>         6.266667         0.135000         0.161667           NaN
MyVoteSys <α=0.80, β=____, γ=____, MaxEntropy>         6.266667         0.135000         0.161667           NaN
bestVoter (Dictatorship)                               7.540000         0.078333         0.241667  17273.228516
InstantRunoffVoting                                    9.625000         0.076667         0.426667           NaN
PreferentialBlockVoting                                9.636667         0.075000         0.426667           NaN
SingleTransferableVote                                 9.653333         0.073333         0.428333           NaN
FirstPastThePost (but without tactical voting)        10.376667         0.050000         0.475000           NaN

