
===== Last Election voting process ======

Stamp Counts Table:
Candidates  570  2470  NullCandidate  1020  1879  1277  465  585  1106  596  1672  2821  2072  2397  2749  925  2455  2964  2355  2489
Stage                                                                                                                                 
0           133   105              0     9     6     8    8    0     0   23     8     0     0     0     0    0     0     0     0     0
1            97    46              0    45    24    27    5    2     6   34    13     0     1     0     0    0     0     0     0     0
2            36    64              0    30    21    35   24    0     7   41    22     4     3     1     0    7     3     0     2     0
3            18    24              0    42    32    42   30   13    25   21    16     0    15     1     1   10     4     1     5     0
4             5    13              0    38    30    45   31   23    20   23    26     8     8     7     0    7     3     1    12     0
5             6    13              0    37    32    21   30   17    30   26    21     5    27     2     2   15     2     3    11     0
6             1    18              0    23    25    20   35   51    26    8    21     8    17    13     3   16     2     9     4     0
7             0     4              5    22    21    22   27   40    37   15    18     6    33    16     4   16     8     4     2     0
8             3     7             18    18    20    19   26   37    31   16    14    15    21    10     5    8    11    12     9     0
9             0     2             47     5    17    12   23   14    26   19    23    16    20     4    10   15    17    15    12     3
10            1     4             62    11    17    14   18   21    18   15    11    14    11    10    16   17    22     4    11     3
11            0     0             83     4    19    11   13   19     5   16    10    14    19    16    12   25    13     5    11     5
12            0     0             65     2     5    10    7   11    14    9    15    30    16    27    22   19     8    13    15    12
13            0     0             18     3    13     4    5   21    16   10    24    24    13    34    23   20    28    15    20     9
14            0     0              1     4     7     8   11   15     9    6    18    25    23    32    37   25    13    23    27    16
15            0     0              1     2     2     0    4   10    18    7     8    31    16    25    33   26    38    32    14    33
16            0     0              0     1     7     1    0    2     5    6    17    34    15    24    49   25    21    35    28    30
17            0     0              0     4     1     0    2    2     3    2     6    21    27    44    41   19    26    35    33    34
18            0     0              0     0     1     0    0    1     3    1     7    37     6    23    27   12    55    48    32    47
19            0     0              0     0     0     1    1    1     1    2     2     8     9    11    15   18    26    45    52   108

Processed Vote Counts Table:
Candidates  570  2470  NullCandidate  1020  1879  1277  465  585  1106  596  1672  2821  2072  2397  2749  925  2455  2964  2355  2489
Stage                                                                                                                                 
0           133   105              0     9     6     8    8    0     0   23     8     0     0     0     0    0     0     0     0     0
1           230   151              0    54    30    35   13    2     6   57    21     0     1     0     0    0     0     0     0     0
2           266   215              0    84    51    70   37    2    13   98    43     4     4     1     0    7     3     0     2     0
3           284   239              0   126    83   112   67   15    38  119    59     4    19     2     1   17     7     1     7     0
4           289   252              0   164   113   157   98   38    58  142    85    12    27     9     1   24    10     2    19     0
5           295   265              0   201   145   178  128   55    88  168   106    17    54    11     3   39    12     5    30     0
6           296   283              0   224   170   198  163  106   114  176   127    25    71    24     6   55    14    14    34     0
7           296   287              5   246   191   220  190  146   151  191   145    31   104    40    10   71    22    18    36     0
8           299   294             23   264   211   239  216  183   182  207   159    46   125    50    15   79    33    30    45     0
9           299   296             70   269   228   251  239  197   208  226   182    62   145    54    25   94    50    45    57     3
10          300   300            132   280   245   265  257  218   226  241   193    76   156    64    41  111    72    49    68     6
11          300   300            215   284   264   276  270  237   231  257   203    90   175    80    53  136    85    54    79    11
12          300   300            280   286   269   286  277  248   245  266   218   120   191   107    75  155    93    67    94    23
13          300   300            298   289   282   290  282  269   261  276   242   144   204   141    98  175   121    82   114    32
14          300   300            299   293   289   298  293  284   270  282   260   169   227   173   135  200   134   105   141    48
15          300   300            300   295   291   298  297  294   288  289   268   200   243   198   168  226   172   137   155    81
16          300   300            300   296   298   299  297  296   293  295   285   234   258   222   217  251   193   172   183   111
17          300   300            300   300   299   299  299  298   296  297   291   255   285   266   258  270   219   207   216   145
18          300   300            300   300   300   299  299  299   299  298   298   292   291   289   285  282   274   255   248   192
19          300   300            300   300   300   300  300  300   300  300   300   300   300   300   300  300   300   300   300   300

Score(%) of Candidates Table:
Candidates         570        2470  NullCandidate        1020        1879        1277         465         585        1106         596        1672        2821        2072        2397        2749         925        2455        2964        2355        2489
Stage                                                                                                                                                                                                                                                        
0            44.333333   35.000000       0.000000    3.000000    2.000000    2.666667    2.666667    0.000000    0.000000    7.666667    2.666667    0.000000    0.000000    0.000000    0.000000    0.000000    0.000000    0.000000    0.000000    0.000000
1            76.666667   50.333333       0.000000   18.000000   10.000000   11.666667    4.333333    0.666667    2.000000   19.000000    7.000000    0.000000    0.333333    0.000000    0.000000    0.000000    0.000000    0.000000    0.000000    0.000000
2            88.666667   71.666667       0.000000   28.000000   17.000000   23.333333   12.333333    0.666667    4.333333   32.666667   14.333333    1.333333    1.333333    0.333333    0.000000    2.333333    1.000000    0.000000    0.666667    0.000000
3            94.666667   79.666667       0.000000   42.000000   27.666667   37.333333   22.333333    5.000000   12.666667   39.666667   19.666667    1.333333    6.333333    0.666667    0.333333    5.666667    2.333333    0.333333    2.333333    0.000000
4            96.333333   84.000000       0.000000   54.666667   37.666667   52.333333   32.666667   12.666667   19.333333   47.333333   28.333333    4.000000    9.000000    3.000000    0.333333    8.000000    3.333333    0.666667    6.333333    0.000000
5            98.333333   88.333333       0.000000   67.000000   48.333333   59.333333   42.666667   18.333333   29.333333   56.000000   35.333333    5.666667   18.000000    3.666667    1.000000   13.000000    4.000000    1.666667   10.000000    0.000000
6            98.666667   94.333333       0.000000   74.666667   56.666667   66.000000   54.333333   35.333333   38.000000   58.666667   42.333333    8.333333   23.666667    8.000000    2.000000   18.333333    4.666667    4.666667   11.333333    0.000000
7            98.666667   95.666667       1.666667   82.000000   63.666667   73.333333   63.333333   48.666667   50.333333   63.666667   48.333333   10.333333   34.666667   13.333333    3.333333   23.666667    7.333333    6.000000   12.000000    0.000000
8            99.666667   98.000000       7.666667   88.000000   70.333333   79.666667   72.000000   61.000000   60.666667   69.000000   53.000000   15.333333   41.666667   16.666667    5.000000   26.333333   11.000000   10.000000   15.000000    0.000000
9            99.666667   98.666667      23.333333   89.666667   76.000000   83.666667   79.666667   65.666667   69.333333   75.333333   60.666667   20.666667   48.333333   18.000000    8.333333   31.333333   16.666667   15.000000   19.000000    1.000000
10          100.000000  100.000000      44.000000   93.333333   81.666667   88.333333   85.666667   72.666667   75.333333   80.333333   64.333333   25.333333   52.000000   21.333333   13.666667   37.000000   24.000000   16.333333   22.666667    2.000000
11          100.000000  100.000000      71.666667   94.666667   88.000000   92.000000   90.000000   79.000000   77.000000   85.666667   67.666667   30.000000   58.333333   26.666667   17.666667   45.333333   28.333333   18.000000   26.333333    3.666667
12          100.000000  100.000000      93.333333   95.333333   89.666667   95.333333   92.333333   82.666667   81.666667   88.666667   72.666667   40.000000   63.666667   35.666667   25.000000   51.666667   31.000000   22.333333   31.333333    7.666667
13          100.000000  100.000000      99.333333   96.333333   94.000000   96.666667   94.000000   89.666667   87.000000   92.000000   80.666667   48.000000   68.000000   47.000000   32.666667   58.333333   40.333333   27.333333   38.000000   10.666667
14          100.000000  100.000000      99.666667   97.666667   96.333333   99.333333   97.666667   94.666667   90.000000   94.000000   86.666667   56.333333   75.666667   57.666667   45.000000   66.666667   44.666667   35.000000   47.000000   16.000000
15          100.000000  100.000000     100.000000   98.333333   97.000000   99.333333   99.000000   98.000000   96.000000   96.333333   89.333333   66.666667   81.000000   66.000000   56.000000   75.333333   57.333333   45.666667   51.666667   27.000000
16          100.000000  100.000000     100.000000   98.666667   99.333333   99.666667   99.000000   98.666667   97.666667   98.333333   95.000000   78.000000   86.000000   74.000000   72.333333   83.666667   64.333333   57.333333   61.000000   37.000000
17          100.000000  100.000000     100.000000  100.000000   99.666667   99.666667   99.666667   99.333333   98.666667   99.000000   97.000000   85.000000   95.000000   88.666667   86.000000   90.000000   73.000000   69.000000   72.000000   48.333333
18          100.000000  100.000000     100.000000  100.000000  100.000000   99.666667   99.666667   99.666667   99.666667   99.333333   99.333333   97.333333   97.000000   96.333333   95.000000   94.000000   91.333333   85.000000   82.666667   64.000000
19          100.000000  100.000000     100.000000  100.000000  100.000000  100.000000  100.000000  100.000000  100.000000  100.000000  100.000000  100.000000  100.000000  100.000000  100.000000  100.000000  100.000000  100.000000  100.000000  100.000000

                                                 winner  winStage                                                      validStages
algorithm                                                                                                                         
InstantRunoffVoting                                 570       NaN                                                              NaN
SingleTransferableVote                              570       NaN                                                              NaN
PreferentialBlockVoting                             570       NaN                                                              NaN
FirstPastThePost (but without tactical voting)      570       NaN                                                              NaN
MyVoteSys <α=0.50, β=____, γ=____, First>           570       1.0  [1, 2, 3, 4, 5, 6, 7, 8, 9, 10, 11, 12, 13, 14, 15, 16, 17, 18]
MyVoteSys <α=0.50, β=____, γ=____, Last>            570      18.0  [1, 2, 3, 4, 5, 6, 7, 8, 9, 10, 11, 12, 13, 14, 15, 16, 17, 18]
MyVoteSys <α=0.50, β=____, γ=____, MinEntropy>      570       1.0  [1, 2, 3, 4, 5, 6, 7, 8, 9, 10, 11, 12, 13, 14, 15, 16, 17, 18]
MyVoteSys <α=0.50, β=____, γ=____, MaxEntropy>      570      18.0  [1, 2, 3, 4, 5, 6, 7, 8, 9, 10, 11, 12, 13, 14, 15, 16, 17, 18]
MyVoteSys <α=0.50, β=____, γ=____, MinVariance>     570       8.0  [1, 2, 3, 4, 5, 6, 7, 8, 9, 10, 11, 12, 13, 14, 15, 16, 17, 18]
MyVoteSys <α=0.50, β=____, γ=____, MaxVariance>     570      18.0  [1, 2, 3, 4, 5, 6, 7, 8, 9, 10, 11, 12, 13, 14, 15, 16, 17, 18]
MyVoteSys <α=0.50, β=____, γ=0.66, First>           570       1.0                                                              [1]
MyVoteSys <α=0.50, β=____, γ=0.66, Last>            570       1.0                                                              [1]
MyVoteSys <α=0.50, β=____, γ=0.66, MinEntropy>      570       1.0                                                              [1]
MyVoteSys <α=0.50, β=____, γ=0.66, MaxEntropy>      570       1.0                                                              [1]
MyVoteSys <α=0.50, β=____, γ=0.66, MinVariance>     570       1.0                                                              [1]
MyVoteSys <α=0.50, β=____, γ=0.66, MaxVariance>     570       1.0                                                              [1]
MyVoteSys <α=0.50, β=____, γ=0.80, First>           570       1.0                                                           [1, 2]
MyVoteSys <α=0.50, β=____, γ=0.80, Last>            570       2.0                                                           [1, 2]
MyVoteSys <α=0.50, β=____, γ=0.80, MinEntropy>      570       1.0                                                           [1, 2]
MyVoteSys <α=0.50, β=____, γ=0.80, MaxEntropy>      570       2.0                                                           [1, 2]
MyVoteSys <α=0.50, β=____, γ=0.80, MinVariance>     570       2.0                                                           [1, 2]
MyVoteSys <α=0.50, β=____, γ=0.80, MaxVariance>     570       1.0                                                           [1, 2]
MyVoteSys <α=0.50, β=0.33, γ=____, First>           570       1.0                                      [1, 2, 3, 4, 5, 6, 7, 8, 9]
MyVoteSys <α=0.50, β=0.33, γ=____, Last>            570       9.0                                      [1, 2, 3, 4, 5, 6, 7, 8, 9]
MyVoteSys <α=0.50, β=0.33, γ=____, MinEntropy>      570       1.0                                      [1, 2, 3, 4, 5, 6, 7, 8, 9]
MyVoteSys <α=0.50, β=0.33, γ=____, MaxEntropy>      570       9.0                                      [1, 2, 3, 4, 5, 6, 7, 8, 9]
MyVoteSys <α=0.50, β=0.33, γ=____, MinVariance>     570       8.0                                      [1, 2, 3, 4, 5, 6, 7, 8, 9]
MyVoteSys <α=0.50, β=0.33, γ=____, MaxVariance>     570       1.0                                      [1, 2, 3, 4, 5, 6, 7, 8, 9]
MyVoteSys <α=0.50, β=0.33, γ=0.66, First>           570       1.0                                                              [1]
MyVoteSys <α=0.50, β=0.33, γ=0.66, Last>            570       1.0                                                              [1]
MyVoteSys <α=0.50, β=0.33, γ=0.66, MinEntropy>      570       1.0                                                              [1]
MyVoteSys <α=0.50, β=0.33, γ=0.66, MaxEntropy>      570       1.0                                                              [1]
MyVoteSys <α=0.50, β=0.33, γ=0.66, MinVariance>     570       1.0                                                              [1]
MyVoteSys <α=0.50, β=0.33, γ=0.66, MaxVariance>     570       1.0                                                              [1]
MyVoteSys <α=0.50, β=0.33, γ=0.80, First>           570       1.0                                                           [1, 2]
MyVoteSys <α=0.50, β=0.33, γ=0.80, Last>            570       2.0                                                           [1, 2]
MyVoteSys <α=0.50, β=0.33, γ=0.80, MinEntropy>      570       1.0                                                           [1, 2]
MyVoteSys <α=0.50, β=0.33, γ=0.80, MaxEntropy>      570       2.0                                                           [1, 2]
MyVoteSys <α=0.50, β=0.33, γ=0.80, MinVariance>     570       2.0                                                           [1, 2]
MyVoteSys <α=0.50, β=0.33, γ=0.80, MaxVariance>     570       1.0                                                           [1, 2]
MyVoteSys <α=0.66, β=____, γ=____, First>           570       1.0  [1, 2, 3, 4, 5, 6, 7, 8, 9, 10, 11, 12, 13, 14, 15, 16, 17, 18]
MyVoteSys <α=0.66, β=____, γ=____, Last>            570      18.0  [1, 2, 3, 4, 5, 6, 7, 8, 9, 10, 11, 12, 13, 14, 15, 16, 17, 18]
MyVoteSys <α=0.66, β=____, γ=____, MinEntropy>      570       1.0  [1, 2, 3, 4, 5, 6, 7, 8, 9, 10, 11, 12, 13, 14, 15, 16, 17, 18]
MyVoteSys <α=0.66, β=____, γ=____, MaxEntropy>      570      18.0  [1, 2, 3, 4, 5, 6, 7, 8, 9, 10, 11, 12, 13, 14, 15, 16, 17, 18]
MyVoteSys <α=0.66, β=____, γ=____, MinVariance>     570       8.0  [1, 2, 3, 4, 5, 6, 7, 8, 9, 10, 11, 12, 13, 14, 15, 16, 17, 18]
MyVoteSys <α=0.66, β=____, γ=____, MaxVariance>     570      18.0  [1, 2, 3, 4, 5, 6, 7, 8, 9, 10, 11, 12, 13, 14, 15, 16, 17, 18]
MyVoteSys <α=0.66, β=____, γ=0.80, First>           570       1.0                                                           [1, 2]
MyVoteSys <α=0.66, β=____, γ=0.80, Last>            570       2.0                                                           [1, 2]
MyVoteSys <α=0.66, β=____, γ=0.80, MinEntropy>      570       1.0                                                           [1, 2]
MyVoteSys <α=0.66, β=____, γ=0.80, MaxEntropy>      570       2.0                                                           [1, 2]
MyVoteSys <α=0.66, β=____, γ=0.80, MinVariance>     570       2.0                                                           [1, 2]
MyVoteSys <α=0.66, β=____, γ=0.80, MaxVariance>     570       1.0                                                           [1, 2]
MyVoteSys <α=0.66, β=0.33, γ=____, First>           570       1.0                                      [1, 2, 3, 4, 5, 6, 7, 8, 9]
MyVoteSys <α=0.66, β=0.33, γ=____, Last>            570       9.0                                      [1, 2, 3, 4, 5, 6, 7, 8, 9]
MyVoteSys <α=0.66, β=0.33, γ=____, MinEntropy>      570       1.0                                      [1, 2, 3, 4, 5, 6, 7, 8, 9]
MyVoteSys <α=0.66, β=0.33, γ=____, MaxEntropy>      570       9.0                                      [1, 2, 3, 4, 5, 6, 7, 8, 9]
MyVoteSys <α=0.66, β=0.33, γ=____, MinVariance>     570       8.0                                      [1, 2, 3, 4, 5, 6, 7, 8, 9]
MyVoteSys <α=0.66, β=0.33, γ=____, MaxVariance>     570       1.0                                      [1, 2, 3, 4, 5, 6, 7, 8, 9]
MyVoteSys <α=0.66, β=0.33, γ=0.80, First>           570       1.0                                                           [1, 2]
MyVoteSys <α=0.66, β=0.33, γ=0.80, Last>            570       2.0                                                           [1, 2]
MyVoteSys <α=0.66, β=0.33, γ=0.80, MinEntropy>      570       1.0                                                           [1, 2]
MyVoteSys <α=0.66, β=0.33, γ=0.80, MaxEntropy>      570       2.0                                                           [1, 2]
MyVoteSys <α=0.66, β=0.33, γ=0.80, MinVariance>     570       2.0                                                           [1, 2]
MyVoteSys <α=0.66, β=0.33, γ=0.80, MaxVariance>     570       1.0                                                           [1, 2]
MyVoteSys <α=0.80, β=____, γ=____, First>           570       2.0     [2, 3, 4, 5, 6, 7, 8, 9, 10, 11, 12, 13, 14, 15, 16, 17, 18]
MyVoteSys <α=0.80, β=____, γ=____, Last>            570      18.0     [2, 3, 4, 5, 6, 7, 8, 9, 10, 11, 12, 13, 14, 15, 16, 17, 18]
MyVoteSys <α=0.80, β=____, γ=____, MinEntropy>      570       2.0     [2, 3, 4, 5, 6, 7, 8, 9, 10, 11, 12, 13, 14, 15, 16, 17, 18]
MyVoteSys <α=0.80, β=____, γ=____, MaxEntropy>      570      18.0     [2, 3, 4, 5, 6, 7, 8, 9, 10, 11, 12, 13, 14, 15, 16, 17, 18]
MyVoteSys <α=0.80, β=____, γ=____, MinVariance>     570       8.0     [2, 3, 4, 5, 6, 7, 8, 9, 10, 11, 12, 13, 14, 15, 16, 17, 18]
MyVoteSys <α=0.80, β=____, γ=____, MaxVariance>     570      18.0     [2, 3, 4, 5, 6, 7, 8, 9, 10, 11, 12, 13, 14, 15, 16, 17, 18]
MyVoteSys <α=0.80, β=0.33, γ=____, First>           570       2.0                                         [2, 3, 4, 5, 6, 7, 8, 9]
MyVoteSys <α=0.80, β=0.33, γ=____, Last>            570       9.0                                         [2, 3, 4, 5, 6, 7, 8, 9]
MyVoteSys <α=0.80, β=0.33, γ=____, MinEntropy>      570       2.0                                         [2, 3, 4, 5, 6, 7, 8, 9]
MyVoteSys <α=0.80, β=0.33, γ=____, MaxEntropy>      570       9.0                                         [2, 3, 4, 5, 6, 7, 8, 9]
MyVoteSys <α=0.80, β=0.33, γ=____, MinVariance>     570       8.0                                         [2, 3, 4, 5, 6, 7, 8, 9]
MyVoteSys <α=0.80, β=0.33, γ=____, MaxVariance>     570       2.0                                         [2, 3, 4, 5, 6, 7, 8, 9]
bestVoter (Dictatorship)                            570       NaN                                                              NaN
crowd-Mean                                          570       NaN                                                              NaN
crowd-Median                                        570       NaN                                                              NaN 

Last Election Candidates:
                        y
Candidates               
2489          -202.984094
2455          -121.857493
2964          -114.696682
2749           -96.165900
2355           -84.025468
2397           -77.952820
2821           -62.041942
925            -34.134992
NullCandidate   -3.467414
2072             1.967965
585             43.392035
1106            50.730674
1672            63.360395
465             91.707727
1879            93.465811
1277           122.313520
596            122.827764
1020           140.643662
2470           252.822883
570            275.603630

Voters Validation Mean Squared Error:
[6570.51, 8391.02, 7506.18, 8295.53, 7175.12, 7579.13, 7360.57, 7972.32, 7567.03, 8405.19, 8696.29, 9122.41, 8636.79, 6479.53, 9737.04, 8434.79, 5560.44, 6115.68, 7625.36, 7010.03, 8616.93, 6671.99, 5461.35, 6808.28, 8023.65, 6546.34, 8801.13, 8722.28, 6868.61, 6100.67, 8774.37, 8313.45, 13924.81, 6882.04, 8124.94, 8363.11, 7222.64, 9733.56, 5157.08, 8626.24, 8251.16, 7405.39, 13209.87, 6986.22, 6681.04, 6709.15, 6917.88, 7565.34, 6513.74, 6327.64, 8266.49, 6394.19, 9652.08, 6846.35, 9220.25, 8322.16, 6996.17, 7135.91, 7141.05, 6417.88, 12304.0, 8635.95, 8348.67, 7138.51, 7750.2, 6703.23, 6028.22, 6873.19, 7077.46, 7351.97, 8743.08, 7720.38, 9710.96, 9044.01, 8732.91, 6901.98, 7113.09, 8055.8, 8842.08, 7211.82, 8240.61, 7675.51, 7435.15, 8821.9, 13588.92, 5257.06, 6878.57, 7986.33, 6682.11, 12713.71, 8319.83, 8700.33, 7183.93, 6125.95, 7090.54, 11925.65, 6266.82, 13670.92, 7761.45, 7099.29, 8368.06, 8761.88, 7951.87, 7134.68, 7101.92, 7632.41, 5762.41, 8220.43, 8003.9, 10253.66, 8236.48, 8255.93, 8861.84, 7360.67, 7738.56, 7591.06, 8721.24, 8341.5, 8310.75, 5163.6, 6979.91, 8002.64, 7903.4, 7253.58, 8813.26, 7747.88, 6686.46, 8687.14, 8107.37, 8511.06, 8947.5, 6103.67, 8024.8, 7134.51, 8643.51, 7664.41, 8132.72, 8735.57, 7755.32, 12704.72, 7974.56, 5803.67, 6291.33, 9711.35, 9098.49, 5941.09, 7015.31, 8066.82, 12890.68, 7208.13, 7396.06, 9326.66, 8390.98, 6925.79, 6306.48, 8674.24, 9777.1, 6843.16, 7690.84, 9004.01, 7142.84, 8600.27, 7362.19, 7695.79, 9045.29, 8279.43, 6686.95, 8440.68, 7654.48, 8032.86, 6444.09, 8006.85, 8288.05, 5991.05, 7532.47, 8682.5, 6405.82, 8146.05, 7137.04, 7861.57, 7045.76, 8292.79, 8818.62, 8299.71, 8233.1, 5939.82, 6993.53, 7316.22, 8300.29, 9176.79, 7722.61, 12419.61, 8731.9, 6750.1, 8733.34, 8516.7, 8590.61, 8836.13, 8811.37, 7771.24, 8821.26, 8389.71, 8722.01, 6984.41, 6703.37, 6997.91, 7948.77, 6271.71, 6496.03, 7089.34, 6100.29, 8140.21, 7635.07, 8536.56, 8571.42, 8520.23, 8814.54, 7237.57, 8930.24, 7707.96, 7060.48, 7033.77, 8295.11, 5816.84, 6289.48, 7867.94, 7614.97, 6389.44, 6784.7, 6293.01, 7901.84, 7557.97, 8046.46, 8826.15, 7994.78, 7146.1, 13429.12, 6072.15, 9685.83, 9135.76, 8529.01, 9394.01, 8286.15, 7473.36, 7722.02, 8015.42, 12864.9, 6849.46, 7063.34, 13181.25, 7952.68, 7001.24, 6304.9, 6545.51, 6103.45, 9475.22, 7378.12, 6830.03, 6297.81, 5988.28, 6857.58, 5552.05, 9104.68, 9009.47, 7233.9, 9093.6, 6678.12, 6436.58, 7163.68, 9486.57, 8587.51, 7380.68, 7717.86, 6925.27, 7029.91, 6717.55, 8410.55, 7390.75, 7682.54, 6592.05, 7075.64, 7787.0, 9291.71, 7107.01, 8433.85, 6725.71, 7042.29, 6694.81, 9064.4, 7957.01, 9447.38, 9134.36, 8101.61, 7131.74, 9489.37, 9048.95, 8534.09, 9362.82, 8288.57, 6294.91]

Voters Validation Mean Error:
[81.06, 91.6, 86.64, 91.08, 84.71, 87.06, 85.79, 89.29, 86.99, 91.68, 93.25, 95.51, 92.93, 80.5, 98.68, 91.84, 74.57, 78.2, 87.32, 83.73, 92.83, 81.68, 73.9, 82.51, 89.57, 80.91, 93.81, 93.39, 82.88, 78.11, 93.67, 91.18, 118.0, 82.96, 90.14, 91.45, 84.99, 98.66, 71.81, 92.88, 90.84, 86.05, 114.93, 83.58, 81.74, 81.91, 83.17, 86.98, 80.71, 79.55, 90.92, 79.96, 98.25, 82.74, 96.02, 91.23, 83.64, 84.47, 84.5, 80.11, 110.92, 92.93, 91.37, 84.49, 88.04, 81.87, 77.64, 82.9, 84.13, 85.74, 93.5, 87.87, 98.54, 95.1, 93.45, 83.08, 84.34, 89.75, 94.03, 84.92, 90.78, 87.61, 86.23, 93.92, 116.57, 72.51, 82.94, 89.37, 81.74, 112.76, 91.21, 93.28, 84.76, 78.27, 84.21, 109.2, 79.16, 116.92, 88.1, 84.26, 91.48, 93.6, 89.17, 84.47, 84.27, 87.36, 75.91, 90.67, 89.46, 101.26, 90.76, 90.86, 94.14, 85.79, 87.97, 87.13, 93.39, 91.33, 91.16, 71.86, 83.55, 89.46, 88.9, 85.17, 93.88, 88.02, 81.77, 93.2, 90.04, 92.26, 94.59, 78.13, 89.58, 84.47, 92.97, 87.55, 90.18, 93.46, 88.06, 112.72, 89.3, 76.18, 79.32, 98.55, 95.39, 77.08, 83.76, 89.82, 113.54, 84.9, 86.0, 96.57, 91.6, 83.22, 79.41, 93.14, 98.88, 82.72, 87.7, 94.89, 84.52, 92.74, 85.8, 87.73, 95.11, 90.99, 81.77, 91.87, 87.49, 89.63, 80.28, 89.48, 91.04, 77.4, 86.79, 93.18, 80.04, 90.26, 84.48, 88.67, 83.94, 91.06, 93.91, 91.1, 90.74, 77.07, 83.63, 85.53, 91.11, 95.8, 87.88, 111.44, 93.44, 82.16, 93.45, 92.29, 92.69, 94.0, 93.87, 88.15, 93.92, 91.6, 93.39, 83.57, 81.87, 83.65, 89.16, 79.19, 80.6, 84.2, 78.1, 90.22, 87.38, 92.39, 92.58, 92.31, 93.89, 85.07, 94.5, 87.79, 84.03, 83.87, 91.08, 76.27, 79.31, 88.7, 87.26, 79.93, 82.37, 79.33, 88.89, 86.94, 89.7, 93.95, 89.41, 84.53, 115.88, 77.92, 98.42, 95.58, 92.35, 96.92, 91.03, 86.45, 87.88, 89.53, 113.42, 82.76, 84.04, 114.81, 89.18, 83.67, 79.4, 80.9, 78.12, 97.34, 85.9, 82.64, 79.36, 77.38, 82.81, 74.51, 95.42, 94.92, 85.05, 95.36, 81.72, 80.23, 84.64, 97.4, 92.67, 85.91, 87.85, 83.22, 83.84, 81.96, 91.71, 85.97, 87.65, 81.19, 84.12, 88.24, 96.39, 84.3, 91.84, 82.01, 83.92, 81.82, 95.21, 89.2, 97.2, 95.57, 90.01, 84.45, 97.41, 95.13, 92.38, 96.76, 91.04, 79.34]

numCandiates : 20
numVoters : 300
numElections : 1
columnBlindness : 4
epochs : 133
trainableLayerCount : 1
crowdBuildMethod : None
dataSetName : mySynthetic
predictedFeature : y

========= SIMULATION RESULTS ========
Metrics                                          meanWinnerRank  rateTrueWinners  rateWinner<NULL  val_Mean²Err
Algorithms                                                                                                     
MyVoteSys <α=0.50, β=0.33, γ=0.80, MinVariance>             1.0              1.0              0.0           NaN
MyVoteSys <α=0.66, β=0.33, γ=____, MaxVariance>             1.0              1.0              0.0           NaN
MyVoteSys <α=0.50, β=____, γ=0.66, MinEntropy>              1.0              1.0              0.0           NaN
MyVoteSys <α=0.66, β=____, γ=____, Last>                    1.0              1.0              0.0           NaN
MyVoteSys <α=0.80, β=0.33, γ=____, MaxVariance>             1.0              1.0              0.0           NaN
MyVoteSys <α=0.50, β=____, γ=0.80, First>                   1.0              1.0              0.0           NaN
MyVoteSys <α=0.50, β=____, γ=0.80, MinVariance>             1.0              1.0              0.0           NaN
MyVoteSys <α=0.50, β=0.33, γ=0.80, MaxVariance>             1.0              1.0              0.0           NaN
MyVoteSys <α=0.66, β=____, γ=0.80, First>                   1.0              1.0              0.0           NaN
MyVoteSys <α=0.50, β=____, γ=0.66, First>                   1.0              1.0              0.0           NaN
MyVoteSys <α=0.66, β=0.33, γ=0.80, First>                   1.0              1.0              0.0           NaN
MyVoteSys <α=0.50, β=0.33, γ=0.80, First>                   1.0              1.0              0.0           NaN
MyVoteSys <α=0.50, β=____, γ=0.66, MinVariance>             1.0              1.0              0.0           NaN
MyVoteSys <α=0.50, β=0.33, γ=0.80, MinEntropy>              1.0              1.0              0.0           NaN
MyVoteSys <α=0.50, β=____, γ=____, Last>                    1.0              1.0              0.0           NaN
MyVoteSys <α=0.80, β=____, γ=____, MaxVariance>             1.0              1.0              0.0           NaN
MyVoteSys <α=0.50, β=0.33, γ=0.80, MaxEntropy>              1.0              1.0              0.0           NaN
MyVoteSys <α=0.66, β=0.33, γ=____, MinVariance>             1.0              1.0              0.0           NaN
MyVoteSys <α=0.66, β=0.33, γ=____, First>                   1.0              1.0              0.0           NaN
MyVoteSys <α=0.80, β=0.33, γ=____, MaxEntropy>              1.0              1.0              0.0           NaN
MyVoteSys <α=0.50, β=0.33, γ=0.66, First>                   1.0              1.0              0.0           NaN
MyVoteSys <α=0.66, β=____, γ=0.80, Last>                    1.0              1.0              0.0           NaN
MyVoteSys <α=0.66, β=0.33, γ=0.80, Last>                    1.0              1.0              0.0           NaN
MyVoteSys <α=0.66, β=0.33, γ=____, Last>                    1.0              1.0              0.0           NaN
MyVoteSys <α=0.50, β=____, γ=____, First>                   1.0              1.0              0.0           NaN
MyVoteSys <α=0.66, β=0.33, γ=____, MinEntropy>              1.0              1.0              0.0           NaN
crowd-Median                                                1.0              1.0              0.0  25024.248047
MyVoteSys <α=0.50, β=____, γ=____, MaxEntropy>              1.0              1.0              0.0           NaN
MyVoteSys <α=0.50, β=0.33, γ=____, Last>                    1.0              1.0              0.0           NaN
MyVoteSys <α=0.50, β=0.33, γ=0.66, MinVariance>             1.0              1.0              0.0           NaN
MyVoteSys <α=0.80, β=____, γ=____, MinEntropy>              1.0              1.0              0.0           NaN
MyVoteSys <α=0.66, β=____, γ=0.80, MinVariance>             1.0              1.0              0.0           NaN
MyVoteSys <α=0.66, β=____, γ=____, First>                   1.0              1.0              0.0           NaN
MyVoteSys <α=0.50, β=____, γ=0.66, MaxEntropy>              1.0              1.0              0.0           NaN
MyVoteSys <α=0.50, β=____, γ=____, MinVariance>             1.0              1.0              0.0           NaN
MyVoteSys <α=0.66, β=0.33, γ=0.80, MinEntropy>              1.0              1.0              0.0           NaN
MyVoteSys <α=0.50, β=____, γ=0.66, Last>                    1.0              1.0              0.0           NaN
MyVoteSys <α=0.66, β=____, γ=0.80, MaxVariance>             1.0              1.0              0.0           NaN
MyVoteSys <α=0.80, β=____, γ=____, Last>                    1.0              1.0              0.0           NaN
MyVoteSys <α=0.80, β=0.33, γ=____, First>                   1.0              1.0              0.0           NaN
MyVoteSys <α=0.50, β=0.33, γ=____, First>                   1.0              1.0              0.0           NaN
crowd-Mean                                                  1.0              1.0              0.0  24873.853516
MyVoteSys <α=0.50, β=0.33, γ=0.66, MaxVariance>             1.0              1.0              0.0           NaN
MyVoteSys <α=0.80, β=0.33, γ=____, MinEntropy>              1.0              1.0              0.0           NaN
MyVoteSys <α=0.66, β=0.33, γ=0.80, MinVariance>             1.0              1.0              0.0           NaN
MyVoteSys <α=0.66, β=____, γ=0.80, MinEntropy>              1.0              1.0              0.0           NaN
MyVoteSys <α=0.50, β=0.33, γ=____, MinEntropy>              1.0              1.0              0.0           NaN
MyVoteSys <α=0.50, β=____, γ=____, MinEntropy>              1.0              1.0              0.0           NaN
SingleTransferableVote                                      1.0              1.0              0.0           NaN
MyVoteSys <α=0.66, β=____, γ=____, MaxEntropy>              1.0              1.0              0.0           NaN
MyVoteSys <α=0.50, β=0.33, γ=0.66, MaxEntropy>              1.0              1.0              0.0           NaN
MyVoteSys <α=0.50, β=0.33, γ=0.80, Last>                    1.0              1.0              0.0           NaN
MyVoteSys <α=0.80, β=____, γ=____, First>                   1.0              1.0              0.0           NaN
MyVoteSys <α=0.66, β=____, γ=____, MinEntropy>              1.0              1.0              0.0           NaN
MyVoteSys <α=0.50, β=0.33, γ=____, MaxVariance>             1.0              1.0              0.0           NaN
MyVoteSys <α=0.80, β=0.33, γ=____, Last>                    1.0              1.0              0.0           NaN
MyVoteSys <α=0.50, β=____, γ=0.80, Last>                    1.0              1.0              0.0           NaN
MyVoteSys <α=0.50, β=0.33, γ=____, MinVariance>             1.0              1.0              0.0           NaN
FirstPastThePost (but without tactical voting)              1.0              1.0              0.0           NaN
MyVoteSys <α=0.66, β=____, γ=____, MaxVariance>             1.0              1.0              0.0           NaN
InstantRunoffVoting                                         1.0              1.0              0.0           NaN
MyVoteSys <α=0.66, β=0.33, γ=0.80, MaxVariance>             1.0              1.0              0.0           NaN
bestVoter (Dictatorship)                                    1.0              1.0              0.0   5157.075684
MyVoteSys <α=0.50, β=0.33, γ=____, MaxEntropy>              1.0              1.0              0.0           NaN
MyVoteSys <α=0.50, β=0.33, γ=0.66, MinEntropy>              1.0              1.0              0.0           NaN
MyVoteSys <α=0.50, β=____, γ=0.80, MaxVariance>             1.0              1.0              0.0           NaN
MyVoteSys <α=0.66, β=0.33, γ=0.80, MaxEntropy>              1.0              1.0              0.0           NaN
MyVoteSys <α=0.66, β=____, γ=____, MinVariance>             1.0              1.0              0.0           NaN
MyVoteSys <α=0.66, β=0.33, γ=____, MaxEntropy>              1.0              1.0              0.0           NaN
PreferentialBlockVoting                                     1.0              1.0              0.0           NaN
MyVoteSys <α=0.50, β=____, γ=0.66, MaxVariance>             1.0              1.0              0.0           NaN
MyVoteSys <α=0.50, β=____, γ=0.80, MinEntropy>              1.0              1.0              0.0           NaN
MyVoteSys <α=0.80, β=____, γ=____, MinVariance>             1.0              1.0              0.0           NaN
MyVoteSys <α=0.66, β=____, γ=0.80, MaxEntropy>              1.0              1.0              0.0           NaN
MyVoteSys <α=0.50, β=0.33, γ=0.66, Last>                    1.0              1.0              0.0           NaN
MyVoteSys <α=0.50, β=____, γ=0.80, MaxEntropy>              1.0              1.0              0.0           NaN
MyVoteSys <α=0.80, β=____, γ=____, MaxEntropy>              1.0              1.0              0.0           NaN
MyVoteSys <α=0.50, β=____, γ=____, MaxVariance>             1.0              1.0              0.0           NaN
MyVoteSys <α=0.80, β=0.33, γ=____, MinVariance>             1.0              1.0              0.0           NaN

