
===== Last Election voting process ======

Stamp Counts Table:
Candidates  742  1402  1742  932  1095  2862  1209  1170  2642  1635  824  2484  2377  667  2572  1292  182  771  2075  NullCandidate
Stage                                                                                                                                
0             0    26     0    1     1     0     4     0     3     3    1     0     1    2     2     0    1    4     1              0
1             5     0     0    3     3     0     1     1     1     1    2     0    21    1     3     1    1    4     2              0
2             1     1     0    1     1     0    21     6     0     0    0     0     5    0     3     3    1    6     1              0
3             1     0     9   14     0     0     0     1     2     5    0     0     1    2     4     0    1    8     2              0
4             7     1     9    0     0     0     3     0     3     3    0     1     0    2    13     0    2    1     5              0
5             4     1     0    1     3     3     0     1     7     0    2     7     0    3     1     0    2   13     2              0
6             0     2    13    0     0     1     0    13     2     3    1     3     0    5     1     1    0    2     0              3
7             2     4     0    1     3     0     1     0    13     0    3     0     2   10     0     3    5    0     2              1
8             8     4     0    3     0     8     1     2     1     1    2     1     3    0     0     2   13    1     0              0
9             2     2     1    6    13     2     2     0     0     1   13     1     1    0     3     0    0    0     2              1
10            0     0     1    2     2    10     1    13     7     0    3     1     3    0     0     1    4    1     0              1
11            2     2     4    0     0     0     4     0     2     0    2    12     2   14     1     1    4    0     0              0
12            0     0     1    7     0     3     3     4     2     2    1     2     1    1     1    13    1    1     0              7
13            0     1     4    1     2     1     1     2     0     6    0     0     3    4     5     2    1    3    14              0
14            1     0     3    2     0     0     4     1     2    17    1     0     2    1     5     1    6    2     2              0
15           16     1     4    2     0     3     2     4     2     0    6     0     0    0     3     0    6    0     1              0
16            1     5     0    5    18     0     0     0     1     2    3     1     2    0     0    10    0    1     1              0
17            0     0     1    1     4    18     0     0     0     0    4     0     2    4     3     6    0    0     7              0
18            0     0     0    0     0     1     2     2     2     6    6    21     0    0     1     5    0    1     3              0
19            0     0     0    0     0     0     0     0     0     0    0     0     1    1     1     1    2    2     5             37

Processed Vote Counts Table:
Candidates  742  1402  1742  932  1095  2862  1209  1170  2642  1635  824  2484  2377  667  2572  1292  182  771  2075  NullCandidate
Stage                                                                                                                                
0             0    26     0    1     1     0     4     0     3     3    1     0     1    2     2     0    1    4     1              0
1             5    26     0    4     4     0     5     1     4     4    3     0    22    3     5     1    2    8     3              0
2             6    27     0    5     5     0    26     7     4     4    3     0    27    3     8     4    3   14     4              0
3             7    27     9   19     5     0    26     8     6     9    3     0    28    5    12     4    4   22     6              0
4            14    28    18   19     5     0    29     8     9    12    3     1    28    7    25     4    6   23    11              0
5            18    29    18   20     8     3    29     9    16    12    5     8    28   10    26     4    8   36    13              0
6            18    31    31   20     8     4    29    22    18    15    6    11    28   15    27     5    8   38    13              3
7            20    35    31   21    11     4    30    22    31    15    9    11    30   25    27     8   13   38    15              4
8            28    39    31   24    11    12    31    24    32    16   11    12    33   25    27    10   26   39    15              4
9            30    41    32   30    24    14    33    24    32    17   24    13    34   25    30    10   26   39    17              5
10           30    41    33   32    26    24    34    37    39    17   27    14    37   25    30    11   30   40    17              6
11           32    43    37   32    26    24    38    37    41    17   29    26    39   39    31    12   34   40    17              6
12           32    43    38   39    26    27    41    41    43    19   30    28    40   40    32    25   35   41    17             13
13           32    44    42   40    28    28    42    43    43    25   30    28    43   44    37    27   36   44    31             13
14           33    44    45   42    28    28    46    44    45    42   31    28    45   45    42    28   42   46    33             13
15           49    45    49   44    28    31    48    48    47    42   37    28    45   45    45    28   48   46    34             13
16           50    50    49   49    46    31    48    48    48    44   40    29    47   45    45    38   48   47    35             13
17           50    50    50   50    50    49    48    48    48    44   44    29    49   49    48    44   48   47    42             13
18           50    50    50   50    50    50    50    50    50    50   50    50    49   49    49    49   48   48    45             13
19           50    50    50   50    50    50    50    50    50    50   50    50    50   50    50    50   50   50    50             50

Score(%) of Candidates Table:
Candidates    742   1402   1742    932   1095   2862   1209   1170   2642   1635    824   2484   2377    667   2572   1292    182    771   2075  NullCandidate
Stage                                                                                                                                                         
0             0.0   52.0    0.0    2.0    2.0    0.0    8.0    0.0    6.0    6.0    2.0    0.0    2.0    4.0    4.0    0.0    2.0    8.0    2.0            0.0
1            10.0   52.0    0.0    8.0    8.0    0.0   10.0    2.0    8.0    8.0    6.0    0.0   44.0    6.0   10.0    2.0    4.0   16.0    6.0            0.0
2            12.0   54.0    0.0   10.0   10.0    0.0   52.0   14.0    8.0    8.0    6.0    0.0   54.0    6.0   16.0    8.0    6.0   28.0    8.0            0.0
3            14.0   54.0   18.0   38.0   10.0    0.0   52.0   16.0   12.0   18.0    6.0    0.0   56.0   10.0   24.0    8.0    8.0   44.0   12.0            0.0
4            28.0   56.0   36.0   38.0   10.0    0.0   58.0   16.0   18.0   24.0    6.0    2.0   56.0   14.0   50.0    8.0   12.0   46.0   22.0            0.0
5            36.0   58.0   36.0   40.0   16.0    6.0   58.0   18.0   32.0   24.0   10.0   16.0   56.0   20.0   52.0    8.0   16.0   72.0   26.0            0.0
6            36.0   62.0   62.0   40.0   16.0    8.0   58.0   44.0   36.0   30.0   12.0   22.0   56.0   30.0   54.0   10.0   16.0   76.0   26.0            6.0
7            40.0   70.0   62.0   42.0   22.0    8.0   60.0   44.0   62.0   30.0   18.0   22.0   60.0   50.0   54.0   16.0   26.0   76.0   30.0            8.0
8            56.0   78.0   62.0   48.0   22.0   24.0   62.0   48.0   64.0   32.0   22.0   24.0   66.0   50.0   54.0   20.0   52.0   78.0   30.0            8.0
9            60.0   82.0   64.0   60.0   48.0   28.0   66.0   48.0   64.0   34.0   48.0   26.0   68.0   50.0   60.0   20.0   52.0   78.0   34.0           10.0
10           60.0   82.0   66.0   64.0   52.0   48.0   68.0   74.0   78.0   34.0   54.0   28.0   74.0   50.0   60.0   22.0   60.0   80.0   34.0           12.0
11           64.0   86.0   74.0   64.0   52.0   48.0   76.0   74.0   82.0   34.0   58.0   52.0   78.0   78.0   62.0   24.0   68.0   80.0   34.0           12.0
12           64.0   86.0   76.0   78.0   52.0   54.0   82.0   82.0   86.0   38.0   60.0   56.0   80.0   80.0   64.0   50.0   70.0   82.0   34.0           26.0
13           64.0   88.0   84.0   80.0   56.0   56.0   84.0   86.0   86.0   50.0   60.0   56.0   86.0   88.0   74.0   54.0   72.0   88.0   62.0           26.0
14           66.0   88.0   90.0   84.0   56.0   56.0   92.0   88.0   90.0   84.0   62.0   56.0   90.0   90.0   84.0   56.0   84.0   92.0   66.0           26.0
15           98.0   90.0   98.0   88.0   56.0   62.0   96.0   96.0   94.0   84.0   74.0   56.0   90.0   90.0   90.0   56.0   96.0   92.0   68.0           26.0
16          100.0  100.0   98.0   98.0   92.0   62.0   96.0   96.0   96.0   88.0   80.0   58.0   94.0   90.0   90.0   76.0   96.0   94.0   70.0           26.0
17          100.0  100.0  100.0  100.0  100.0   98.0   96.0   96.0   96.0   88.0   88.0   58.0   98.0   98.0   96.0   88.0   96.0   94.0   84.0           26.0
18          100.0  100.0  100.0  100.0  100.0  100.0  100.0  100.0  100.0  100.0  100.0  100.0   98.0   98.0   98.0   98.0   96.0   96.0   90.0           26.0
19          100.0  100.0  100.0  100.0  100.0  100.0  100.0  100.0  100.0  100.0  100.0  100.0  100.0  100.0  100.0  100.0  100.0  100.0  100.0          100.0

                                                 winner  winStage                                                         validStages
algorithm                                                                                                                            
InstantRunoffVoting                                1402       NaN                                                                 NaN
SingleTransferableVote                             1402       NaN                                                                 NaN
PreferentialBlockVoting                            1402       NaN                                                                 NaN
FirstPastThePost (but without tactical voting)     1402       NaN                                                                 NaN
MyVoteSys <α=0.50, β=____, γ=____, First>          1402       0.0  [0, 1, 2, 3, 4, 5, 6, 7, 8, 9, 10, 11, 12, 13, 14, 15, 16, 17, 18]
MyVoteSys <α=0.50, β=____, γ=____, Last>            742      18.0  [0, 1, 2, 3, 4, 5, 6, 7, 8, 9, 10, 11, 12, 13, 14, 15, 16, 17, 18]
MyVoteSys <α=0.50, β=____, γ=____, MinEntropy>     1402       0.0  [0, 1, 2, 3, 4, 5, 6, 7, 8, 9, 10, 11, 12, 13, 14, 15, 16, 17, 18]
MyVoteSys <α=0.50, β=____, γ=____, MaxEntropy>      742      18.0  [0, 1, 2, 3, 4, 5, 6, 7, 8, 9, 10, 11, 12, 13, 14, 15, 16, 17, 18]
MyVoteSys <α=0.50, β=____, γ=____, MinVariance>     771       7.0  [0, 1, 2, 3, 4, 5, 6, 7, 8, 9, 10, 11, 12, 13, 14, 15, 16, 17, 18]
MyVoteSys <α=0.50, β=____, γ=____, MaxVariance>    1402       0.0  [0, 1, 2, 3, 4, 5, 6, 7, 8, 9, 10, 11, 12, 13, 14, 15, 16, 17, 18]
MyVoteSys <α=0.50, β=____, γ=0.66, First>          1402       0.0                                                  [0, 1, 2, 3, 4, 5]
MyVoteSys <α=0.50, β=____, γ=0.66, Last>            771       5.0                                                  [0, 1, 2, 3, 4, 5]
MyVoteSys <α=0.50, β=____, γ=0.66, MinEntropy>     1402       0.0                                                  [0, 1, 2, 3, 4, 5]
MyVoteSys <α=0.50, β=____, γ=0.66, MaxEntropy>      771       5.0                                                  [0, 1, 2, 3, 4, 5]
MyVoteSys <α=0.50, β=____, γ=0.66, MinVariance>     771       5.0                                                  [0, 1, 2, 3, 4, 5]
MyVoteSys <α=0.50, β=____, γ=0.66, MaxVariance>    1402       0.0                                                  [0, 1, 2, 3, 4, 5]
MyVoteSys <α=0.50, β=____, γ=0.80, First>          1402       0.0                                      [0, 1, 2, 3, 4, 5, 6, 7, 8, 9]
MyVoteSys <α=0.50, β=____, γ=0.80, Last>           1402       9.0                                      [0, 1, 2, 3, 4, 5, 6, 7, 8, 9]
MyVoteSys <α=0.50, β=____, γ=0.80, MinEntropy>     1402       0.0                                      [0, 1, 2, 3, 4, 5, 6, 7, 8, 9]
MyVoteSys <α=0.50, β=____, γ=0.80, MaxEntropy>     1402       9.0                                      [0, 1, 2, 3, 4, 5, 6, 7, 8, 9]
MyVoteSys <α=0.50, β=____, γ=0.80, MinVariance>     771       7.0                                      [0, 1, 2, 3, 4, 5, 6, 7, 8, 9]
MyVoteSys <α=0.50, β=____, γ=0.80, MaxVariance>    1402       0.0                                      [0, 1, 2, 3, 4, 5, 6, 7, 8, 9]
MyVoteSys <α=0.50, β=0.33, γ=____, First>          1402       0.0  [0, 1, 2, 3, 4, 5, 6, 7, 8, 9, 10, 11, 12, 13, 14, 15, 16, 17, 18]
MyVoteSys <α=0.50, β=0.33, γ=____, Last>            742      18.0  [0, 1, 2, 3, 4, 5, 6, 7, 8, 9, 10, 11, 12, 13, 14, 15, 16, 17, 18]
MyVoteSys <α=0.50, β=0.33, γ=____, MinEntropy>     1402       0.0  [0, 1, 2, 3, 4, 5, 6, 7, 8, 9, 10, 11, 12, 13, 14, 15, 16, 17, 18]
MyVoteSys <α=0.50, β=0.33, γ=____, MaxEntropy>      742      18.0  [0, 1, 2, 3, 4, 5, 6, 7, 8, 9, 10, 11, 12, 13, 14, 15, 16, 17, 18]
MyVoteSys <α=0.50, β=0.33, γ=____, MinVariance>     771       7.0  [0, 1, 2, 3, 4, 5, 6, 7, 8, 9, 10, 11, 12, 13, 14, 15, 16, 17, 18]
MyVoteSys <α=0.50, β=0.33, γ=____, MaxVariance>    1402       0.0  [0, 1, 2, 3, 4, 5, 6, 7, 8, 9, 10, 11, 12, 13, 14, 15, 16, 17, 18]
MyVoteSys <α=0.50, β=0.33, γ=0.66, First>          1402       0.0                                                  [0, 1, 2, 3, 4, 5]
MyVoteSys <α=0.50, β=0.33, γ=0.66, Last>            771       5.0                                                  [0, 1, 2, 3, 4, 5]
MyVoteSys <α=0.50, β=0.33, γ=0.66, MinEntropy>     1402       0.0                                                  [0, 1, 2, 3, 4, 5]
MyVoteSys <α=0.50, β=0.33, γ=0.66, MaxEntropy>      771       5.0                                                  [0, 1, 2, 3, 4, 5]
MyVoteSys <α=0.50, β=0.33, γ=0.66, MinVariance>     771       5.0                                                  [0, 1, 2, 3, 4, 5]
MyVoteSys <α=0.50, β=0.33, γ=0.66, MaxVariance>    1402       0.0                                                  [0, 1, 2, 3, 4, 5]
MyVoteSys <α=0.50, β=0.33, γ=0.80, First>          1402       0.0                                      [0, 1, 2, 3, 4, 5, 6, 7, 8, 9]
MyVoteSys <α=0.50, β=0.33, γ=0.80, Last>           1402       9.0                                      [0, 1, 2, 3, 4, 5, 6, 7, 8, 9]
MyVoteSys <α=0.50, β=0.33, γ=0.80, MinEntropy>     1402       0.0                                      [0, 1, 2, 3, 4, 5, 6, 7, 8, 9]
MyVoteSys <α=0.50, β=0.33, γ=0.80, MaxEntropy>     1402       9.0                                      [0, 1, 2, 3, 4, 5, 6, 7, 8, 9]
MyVoteSys <α=0.50, β=0.33, γ=0.80, MinVariance>     771       7.0                                      [0, 1, 2, 3, 4, 5, 6, 7, 8, 9]
MyVoteSys <α=0.50, β=0.33, γ=0.80, MaxVariance>    1402       0.0                                      [0, 1, 2, 3, 4, 5, 6, 7, 8, 9]
MyVoteSys <α=0.66, β=____, γ=____, First>           771       5.0                 [5, 6, 7, 8, 9, 10, 11, 12, 13, 14, 15, 16, 17, 18]
MyVoteSys <α=0.66, β=____, γ=____, Last>            742      18.0                 [5, 6, 7, 8, 9, 10, 11, 12, 13, 14, 15, 16, 17, 18]
MyVoteSys <α=0.66, β=____, γ=____, MinEntropy>      771       5.0                 [5, 6, 7, 8, 9, 10, 11, 12, 13, 14, 15, 16, 17, 18]
MyVoteSys <α=0.66, β=____, γ=____, MaxEntropy>      742      18.0                 [5, 6, 7, 8, 9, 10, 11, 12, 13, 14, 15, 16, 17, 18]
MyVoteSys <α=0.66, β=____, γ=____, MinVariance>     771       7.0                 [5, 6, 7, 8, 9, 10, 11, 12, 13, 14, 15, 16, 17, 18]
MyVoteSys <α=0.66, β=____, γ=____, MaxVariance>     742      18.0                 [5, 6, 7, 8, 9, 10, 11, 12, 13, 14, 15, 16, 17, 18]
MyVoteSys <α=0.66, β=____, γ=0.80, First>           771       5.0                                                     [5, 6, 7, 8, 9]
MyVoteSys <α=0.66, β=____, γ=0.80, Last>           1402       9.0                                                     [5, 6, 7, 8, 9]
MyVoteSys <α=0.66, β=____, γ=0.80, MinEntropy>      771       5.0                                                     [5, 6, 7, 8, 9]
MyVoteSys <α=0.66, β=____, γ=0.80, MaxEntropy>     1402       9.0                                                     [5, 6, 7, 8, 9]
MyVoteSys <α=0.66, β=____, γ=0.80, MinVariance>     771       7.0                                                     [5, 6, 7, 8, 9]
MyVoteSys <α=0.66, β=____, γ=0.80, MaxVariance>    1402       9.0                                                     [5, 6, 7, 8, 9]
MyVoteSys <α=0.66, β=0.33, γ=____, First>           771       5.0                 [5, 6, 7, 8, 9, 10, 11, 12, 13, 14, 15, 16, 17, 18]
MyVoteSys <α=0.66, β=0.33, γ=____, Last>            742      18.0                 [5, 6, 7, 8, 9, 10, 11, 12, 13, 14, 15, 16, 17, 18]
MyVoteSys <α=0.66, β=0.33, γ=____, MinEntropy>      771       5.0                 [5, 6, 7, 8, 9, 10, 11, 12, 13, 14, 15, 16, 17, 18]
MyVoteSys <α=0.66, β=0.33, γ=____, MaxEntropy>      742      18.0                 [5, 6, 7, 8, 9, 10, 11, 12, 13, 14, 15, 16, 17, 18]
MyVoteSys <α=0.66, β=0.33, γ=____, MinVariance>     771       7.0                 [5, 6, 7, 8, 9, 10, 11, 12, 13, 14, 15, 16, 17, 18]
MyVoteSys <α=0.66, β=0.33, γ=____, MaxVariance>     742      18.0                 [5, 6, 7, 8, 9, 10, 11, 12, 13, 14, 15, 16, 17, 18]
MyVoteSys <α=0.66, β=0.33, γ=0.80, First>           771       5.0                                                     [5, 6, 7, 8, 9]
MyVoteSys <α=0.66, β=0.33, γ=0.80, Last>           1402       9.0                                                     [5, 6, 7, 8, 9]
MyVoteSys <α=0.66, β=0.33, γ=0.80, MinEntropy>      771       5.0                                                     [5, 6, 7, 8, 9]
MyVoteSys <α=0.66, β=0.33, γ=0.80, MaxEntropy>     1402       9.0                                                     [5, 6, 7, 8, 9]
MyVoteSys <α=0.66, β=0.33, γ=0.80, MinVariance>     771       7.0                                                     [5, 6, 7, 8, 9]
MyVoteSys <α=0.66, β=0.33, γ=0.80, MaxVariance>    1402       9.0                                                     [5, 6, 7, 8, 9]
MyVoteSys <α=0.80, β=____, γ=____, First>          1402       9.0                             [9, 10, 11, 12, 13, 14, 15, 16, 17, 18]
MyVoteSys <α=0.80, β=____, γ=____, Last>            742      18.0                             [9, 10, 11, 12, 13, 14, 15, 16, 17, 18]
MyVoteSys <α=0.80, β=____, γ=____, MinEntropy>     1402       9.0                             [9, 10, 11, 12, 13, 14, 15, 16, 17, 18]
MyVoteSys <α=0.80, β=____, γ=____, MaxEntropy>      742      18.0                             [9, 10, 11, 12, 13, 14, 15, 16, 17, 18]
MyVoteSys <α=0.80, β=____, γ=____, MinVariance>    1402      11.0                             [9, 10, 11, 12, 13, 14, 15, 16, 17, 18]
MyVoteSys <α=0.80, β=____, γ=____, MaxVariance>     742      18.0                             [9, 10, 11, 12, 13, 14, 15, 16, 17, 18]
MyVoteSys <α=0.80, β=0.33, γ=____, First>          1402       9.0                             [9, 10, 11, 12, 13, 14, 15, 16, 17, 18]
MyVoteSys <α=0.80, β=0.33, γ=____, Last>            742      18.0                             [9, 10, 11, 12, 13, 14, 15, 16, 17, 18]
MyVoteSys <α=0.80, β=0.33, γ=____, MinEntropy>     1402       9.0                             [9, 10, 11, 12, 13, 14, 15, 16, 17, 18]
MyVoteSys <α=0.80, β=0.33, γ=____, MaxEntropy>      742      18.0                             [9, 10, 11, 12, 13, 14, 15, 16, 17, 18]
MyVoteSys <α=0.80, β=0.33, γ=____, MinVariance>    1402      11.0                             [9, 10, 11, 12, 13, 14, 15, 16, 17, 18]
MyVoteSys <α=0.80, β=0.33, γ=____, MaxVariance>     742      18.0                             [9, 10, 11, 12, 13, 14, 15, 16, 17, 18]
bestVoter (Dictatorship)                            667       NaN                                                                 NaN
crowd-Mean                                          742       NaN                                                                 NaN
crowd-Median                                        742       NaN                                                                 NaN 

Last Election Candidates:
                        y
Candidates               
2572          -226.462342
1292          -209.137521
2862          -201.798605
771           -199.885717
182           -183.844718
1170          -163.023308
2377          -114.773131
2484           -93.115859
932            -22.465823
1742           -20.617110
NullCandidate   -3.467414
824             -0.893424
2642            41.993948
1095            45.215102
667             46.637994
1209            66.808508
2075           104.408850
1402           145.069957
1635           172.085822
742            290.912819

VotersValMSE:
[18948.32, 18941.91, 18919.52, 18403.29, 18942.6, 18942.54, 18372.78, 18079.25, 18925.14, 18942.52, 18583.22, 18100.6, 18123.15, 18942.56, 17854.64, 18965.47, 18952.09, 18092.2, 18942.53, 18308.2, 18946.08, 18942.53, 18043.84, 18094.94, 18105.05, 18946.02, 17998.41, 18942.56, 18932.14, 18062.62, 18942.5, 18942.51, 18092.91, 17620.13, 17649.3, 18951.85, 18064.71, 17465.84, 17898.13, 18942.51, 18374.9, 18943.64, 18942.55, 18224.97, 18493.66, 17918.56, 18942.44, 18942.55, 18321.28, 18407.04]

numCandiates : 20
numVoters : 50
numElections : 1000
columnBlindness : 9
epochs : 66
trainableLayerCount : 1
crowdBuildMethod : None
dataSetName : mySynthetic
predictedFeature : y

========= SIMULATION RESULTS ========
Metrics                                          meanWinnerRank  rateTrueWinners  rateWinner<NULL  val_Mean²Err
Algorithms                                                                                                     
crowd-Mean                                                2.332            0.491            0.018  18954.339844
crowd-Median                                              2.332            0.491            0.018  18942.466797
MyVoteSys <α=0.66, β=0.33, γ=0.80, MinVariance>           5.612            0.180            0.148           NaN
MyVoteSys <α=0.66, β=____, γ=0.80, MinVariance>           5.612            0.180            0.148           NaN
MyVoteSys <α=0.50, β=____, γ=0.80, MinVariance>           5.685            0.180            0.155           NaN
MyVoteSys <α=0.50, β=0.33, γ=0.80, MinVariance>           5.685            0.180            0.155           NaN
MyVoteSys <α=0.66, β=0.33, γ=0.80, MaxEntropy>            5.876            0.174            0.161           NaN
MyVoteSys <α=0.66, β=____, γ=0.80, MaxEntropy>            5.876            0.174            0.161           NaN
MyVoteSys <α=0.80, β=0.33, γ=____, MinEntropy>            5.880            0.178            0.164           NaN
MyVoteSys <α=0.80, β=____, γ=____, MinEntropy>            5.880            0.178            0.164           NaN
MyVoteSys <α=0.50, β=____, γ=0.80, MaxEntropy>            5.888            0.174            0.162           NaN
MyVoteSys <α=0.50, β=0.33, γ=0.80, MaxEntropy>            5.888            0.174            0.162           NaN
MyVoteSys <α=0.50, β=____, γ=0.80, Last>                  5.909            0.177            0.166           NaN
MyVoteSys <α=0.66, β=____, γ=0.80, Last>                  5.909            0.177            0.166           NaN
MyVoteSys <α=0.80, β=____, γ=____, First>                 5.909            0.177            0.166           NaN
MyVoteSys <α=0.66, β=0.33, γ=0.80, Last>                  5.909            0.177            0.166           NaN
MyVoteSys <α=0.80, β=0.33, γ=____, First>                 5.909            0.177            0.166           NaN
MyVoteSys <α=0.50, β=0.33, γ=0.80, Last>                  5.909            0.177            0.166           NaN
MyVoteSys <α=0.50, β=0.33, γ=0.66, Last>                  5.945            0.163            0.164           NaN
MyVoteSys <α=0.66, β=____, γ=____, First>                 5.945            0.163            0.164           NaN
MyVoteSys <α=0.50, β=____, γ=0.66, Last>                  5.945            0.163            0.164           NaN
MyVoteSys <α=0.66, β=0.33, γ=____, First>                 5.945            0.163            0.164           NaN
MyVoteSys <α=0.66, β=____, γ=0.80, First>                 5.945            0.163            0.164           NaN
MyVoteSys <α=0.66, β=0.33, γ=0.80, First>                 5.945            0.163            0.164           NaN
MyVoteSys <α=0.50, β=0.33, γ=0.66, MaxEntropy>            5.955            0.164            0.165           NaN
MyVoteSys <α=0.50, β=____, γ=0.66, MaxEntropy>            5.955            0.164            0.165           NaN
MyVoteSys <α=0.66, β=____, γ=0.80, MinEntropy>            5.961            0.163            0.165           NaN
MyVoteSys <α=0.66, β=0.33, γ=0.80, MinEntropy>            5.961            0.163            0.165           NaN
MyVoteSys <α=0.66, β=0.33, γ=____, MinEntropy>            5.966            0.163            0.166           NaN
MyVoteSys <α=0.66, β=____, γ=____, MinEntropy>            5.966            0.163            0.166           NaN
MyVoteSys <α=0.66, β=____, γ=____, MinVariance>           6.007            0.166            0.189           NaN
MyVoteSys <α=0.66, β=0.33, γ=____, MinVariance>           6.007            0.166            0.189           NaN
MyVoteSys <α=0.50, β=0.33, γ=____, MinVariance>           6.010            0.167            0.189           NaN
MyVoteSys <α=0.50, β=____, γ=____, MinVariance>           6.010            0.167            0.189           NaN
MyVoteSys <α=0.66, β=____, γ=0.80, MaxVariance>           6.090            0.156            0.170           NaN
MyVoteSys <α=0.66, β=0.33, γ=0.80, MaxVariance>           6.090            0.156            0.170           NaN
MyVoteSys <α=0.50, β=0.33, γ=0.66, MinVariance>           6.099            0.159            0.181           NaN
MyVoteSys <α=0.50, β=____, γ=0.66, MinVariance>           6.099            0.159            0.181           NaN
MyVoteSys <α=0.80, β=0.33, γ=____, MinVariance>           6.195            0.161            0.205           NaN
MyVoteSys <α=0.80, β=____, γ=____, MinVariance>           6.195            0.161            0.205           NaN
MyVoteSys <α=0.80, β=____, γ=____, MaxVariance>           6.602            0.138            0.226           NaN
MyVoteSys <α=0.80, β=0.33, γ=____, MaxVariance>           6.602            0.138            0.226           NaN
MyVoteSys <α=0.66, β=0.33, γ=____, MaxVariance>           6.605            0.138            0.226           NaN
MyVoteSys <α=0.66, β=____, γ=____, MaxVariance>           6.605            0.138            0.226           NaN
MyVoteSys <α=0.66, β=0.33, γ=____, MaxEntropy>            6.610            0.137            0.228           NaN
MyVoteSys <α=0.80, β=____, γ=____, Last>                  6.610            0.137            0.228           NaN
MyVoteSys <α=0.50, β=0.33, γ=____, MaxEntropy>            6.610            0.137            0.228           NaN
MyVoteSys <α=0.66, β=____, γ=____, MaxEntropy>            6.610            0.137            0.228           NaN
MyVoteSys <α=0.66, β=____, γ=____, Last>                  6.610            0.137            0.228           NaN
MyVoteSys <α=0.66, β=0.33, γ=____, Last>                  6.610            0.137            0.228           NaN
MyVoteSys <α=0.50, β=0.33, γ=____, Last>                  6.610            0.137            0.228           NaN
MyVoteSys <α=0.50, β=____, γ=____, Last>                  6.610            0.137            0.228           NaN
MyVoteSys <α=0.80, β=____, γ=____, MaxEntropy>            6.610            0.137            0.228           NaN
MyVoteSys <α=0.50, β=____, γ=____, MaxEntropy>            6.610            0.137            0.228           NaN
MyVoteSys <α=0.80, β=0.33, γ=____, MaxEntropy>            6.610            0.137            0.228           NaN
MyVoteSys <α=0.80, β=0.33, γ=____, Last>                  6.610            0.137            0.228           NaN
bestVoter (Dictatorship)                                  7.199            0.091            0.210  17465.837891
MyVoteSys <α=0.50, β=____, γ=____, MaxVariance>           7.882            0.092            0.297           NaN
MyVoteSys <α=0.50, β=0.33, γ=____, MaxVariance>           7.882            0.092            0.297           NaN
MyVoteSys <α=0.50, β=____, γ=____, First>                 8.088            0.078            0.305           NaN
MyVoteSys <α=0.50, β=0.33, γ=0.66, First>                 8.088            0.078            0.305           NaN
MyVoteSys <α=0.50, β=____, γ=0.80, First>                 8.088            0.078            0.305           NaN
MyVoteSys <α=0.50, β=0.33, γ=____, First>                 8.088            0.078            0.305           NaN
MyVoteSys <α=0.50, β=0.33, γ=0.80, First>                 8.088            0.078            0.305           NaN
MyVoteSys <α=0.50, β=____, γ=0.66, First>                 8.088            0.078            0.305           NaN
MyVoteSys <α=0.50, β=____, γ=0.66, MaxVariance>           8.089            0.080            0.305           NaN
MyVoteSys <α=0.50, β=0.33, γ=0.66, MaxVariance>           8.089            0.080            0.305           NaN
MyVoteSys <α=0.50, β=0.33, γ=____, MinEntropy>            8.090            0.078            0.305           NaN
MyVoteSys <α=0.50, β=____, γ=____, MinEntropy>            8.090            0.078            0.305           NaN
MyVoteSys <α=0.50, β=____, γ=0.66, MinEntropy>            8.090            0.078            0.305           NaN
MyVoteSys <α=0.50, β=____, γ=0.80, MinEntropy>            8.090            0.078            0.305           NaN
MyVoteSys <α=0.50, β=0.33, γ=0.80, MinEntropy>            8.090            0.078            0.305           NaN
MyVoteSys <α=0.50, β=0.33, γ=0.66, MinEntropy>            8.090            0.078            0.305           NaN
MyVoteSys <α=0.50, β=0.33, γ=0.80, MaxVariance>           8.104            0.078            0.305           NaN
MyVoteSys <α=0.50, β=____, γ=0.80, MaxVariance>           8.104            0.078            0.305           NaN
SingleTransferableVote                                   10.142            0.057            0.451           NaN
PreferentialBlockVoting                                  10.142            0.057            0.452           NaN
InstantRunoffVoting                                      10.197            0.054            0.454           NaN
FirstPastThePost (but without tactical voting)           10.448            0.050            0.472           NaN

