
===== Last Election voting process ======

Stamp Counts Table:
Candidates  969  930  NullCandidate  819  209  1228  1310  131  2393  2322  1303  53  748  2260  1400  2107  2799  1906  2199  2007
Stage                                                                                                                              
0            17   40              0   40    6    20     5    0     5    16    12  23    2     6     0     3     2     1     2     0
1            36   39              0   40    4    26    13    1     4     4    16   8    2     2     5     0     0     0     0     0
2            25   42              0   16    6    21    14    1    10    12    12  17    6     5     4     3     1     5     0     0
3            26   19              0   14   15    23    18    0    11    15    19  17    6     5     4     0     5     2     1     0
4            20   23              0   14   10    25    22    5    10    11     8  16    5     8     7     3     5     6     2     0
5            14   12              4   11   11    13    23   10    16    11    15  12    6     8     6     8     3    12     5     0
6            20    8              4   13    8    26     9    4    11    11    12   8   10    15    10     7    10    14     0     0
7            20    6             14   11    9    10    15   10    14    22    10   9    6     6    16     9     6     6     1     0
8             4    3             28   10   13    13    13   13    11     6     6  10   14    20     7     6    10     8     5     0
9             3    3             34    4   18     7     9   12     9    12    11   6   14    13    10     7    10     7     9     2
10            3    1             21    5   18     1     9   11    15    12    18  10   22     7    10    15     6     8     6     2
11            3    1             31    9   12     9    10   23    15     5    12   7    6     6     9    13    13    10     4     2
12            7    1             18    7   15     4     6   10    21    12     6   7   14     5    13    15    14    15     5     5
13            2    0             30    2    7     0     6   12    17     7    12   5   24     9    18     7     9    11    14     8
14            0    1             11    1   17     0     8   23    13     8     8   3   14     7    12    15    17    19     8    15
15            0    1              5    1   12     0     8   18     2    14     2  10   13    23    10    18    15    13    18    17
16            0    0              0    1    8     0     5   15     5    10    10  10   11    17    19    17    32    15    11    14
17            0    0              0    1   11     1     4   23     4     4     5  13    8    13    19    32    12    14    19    17
18            0    0              0    0    0     1     2    8     5     6     2   5   13    16    11    12    19    16    42    42
19            0    0              0    0    0     0     1    1     2     2     4   4    4     9    10    10    11    18    48    76

Processed Vote Counts Table:
Candidates  969  930  NullCandidate  819  209  1228  1310  131  2393  2322  1303   53  748  2260  1400  2107  2799  1906  2199  2007
Stage                                                                                                                               
0            17   40              0   40    6    20     5    0     5    16    12   23    2     6     0     3     2     1     2     0
1            53   79              0   80   10    46    18    1     9    20    28   31    4     8     5     3     2     1     2     0
2            78  121              0   96   16    67    32    2    19    32    40   48   10    13     9     6     3     6     2     0
3           104  140              0  110   31    90    50    2    30    47    59   65   16    18    13     6     8     8     3     0
4           124  163              0  124   41   115    72    7    40    58    67   81   21    26    20     9    13    14     5     0
5           138  175              4  135   52   128    95   17    56    69    82   93   27    34    26    17    16    26    10     0
6           158  183              8  148   60   154   104   21    67    80    94  101   37    49    36    24    26    40    10     0
7           178  189             22  159   69   164   119   31    81   102   104  110   43    55    52    33    32    46    11     0
8           182  192             50  169   82   177   132   44    92   108   110  120   57    75    59    39    42    54    16     0
9           185  195             84  173  100   184   141   56   101   120   121  126   71    88    69    46    52    61    25     2
10          188  196            105  178  118   185   150   67   116   132   139  136   93    95    79    61    58    69    31     4
11          191  197            136  187  130   194   160   90   131   137   151  143   99   101    88    74    71    79    35     6
12          198  198            154  194  145   198   166  100   152   149   157  150  113   106   101    89    85    94    40    11
13          200  198            184  196  152   198   172  112   169   156   169  155  137   115   119    96    94   105    54    19
14          200  199            195  197  169   198   180  135   182   164   177  158  151   122   131   111   111   124    62    34
15          200  200            200  198  181   198   188  153   184   178   179  168  164   145   141   129   126   137    80    51
16          200  200            200  199  189   198   193  168   189   188   189  178  175   162   160   146   158   152    91    65
17          200  200            200  200  200   199   197  191   193   192   194  191  183   175   179   178   170   166   110    82
18          200  200            200  200  200   200   199  199   198   198   196  196  196   191   190   190   189   182   152   124
19          200  200            200  200  200   200   200  200   200   200   200  200  200   200   200   200   200   200   200   200

Score(%) of Candidates Table:
Candidates    969    930  NullCandidate    819    209   1228   1310    131   2393   2322   1303     53    748   2260   1400   2107   2799   1906   2199   2007
Stage                                                                                                                                                         
0             8.5   20.0            0.0   20.0    3.0   10.0    2.5    0.0    2.5    8.0    6.0   11.5    1.0    3.0    0.0    1.5    1.0    0.5    1.0    0.0
1            26.5   39.5            0.0   40.0    5.0   23.0    9.0    0.5    4.5   10.0   14.0   15.5    2.0    4.0    2.5    1.5    1.0    0.5    1.0    0.0
2            39.0   60.5            0.0   48.0    8.0   33.5   16.0    1.0    9.5   16.0   20.0   24.0    5.0    6.5    4.5    3.0    1.5    3.0    1.0    0.0
3            52.0   70.0            0.0   55.0   15.5   45.0   25.0    1.0   15.0   23.5   29.5   32.5    8.0    9.0    6.5    3.0    4.0    4.0    1.5    0.0
4            62.0   81.5            0.0   62.0   20.5   57.5   36.0    3.5   20.0   29.0   33.5   40.5   10.5   13.0   10.0    4.5    6.5    7.0    2.5    0.0
5            69.0   87.5            2.0   67.5   26.0   64.0   47.5    8.5   28.0   34.5   41.0   46.5   13.5   17.0   13.0    8.5    8.0   13.0    5.0    0.0
6            79.0   91.5            4.0   74.0   30.0   77.0   52.0   10.5   33.5   40.0   47.0   50.5   18.5   24.5   18.0   12.0   13.0   20.0    5.0    0.0
7            89.0   94.5           11.0   79.5   34.5   82.0   59.5   15.5   40.5   51.0   52.0   55.0   21.5   27.5   26.0   16.5   16.0   23.0    5.5    0.0
8            91.0   96.0           25.0   84.5   41.0   88.5   66.0   22.0   46.0   54.0   55.0   60.0   28.5   37.5   29.5   19.5   21.0   27.0    8.0    0.0
9            92.5   97.5           42.0   86.5   50.0   92.0   70.5   28.0   50.5   60.0   60.5   63.0   35.5   44.0   34.5   23.0   26.0   30.5   12.5    1.0
10           94.0   98.0           52.5   89.0   59.0   92.5   75.0   33.5   58.0   66.0   69.5   68.0   46.5   47.5   39.5   30.5   29.0   34.5   15.5    2.0
11           95.5   98.5           68.0   93.5   65.0   97.0   80.0   45.0   65.5   68.5   75.5   71.5   49.5   50.5   44.0   37.0   35.5   39.5   17.5    3.0
12           99.0   99.0           77.0   97.0   72.5   99.0   83.0   50.0   76.0   74.5   78.5   75.0   56.5   53.0   50.5   44.5   42.5   47.0   20.0    5.5
13          100.0   99.0           92.0   98.0   76.0   99.0   86.0   56.0   84.5   78.0   84.5   77.5   68.5   57.5   59.5   48.0   47.0   52.5   27.0    9.5
14          100.0   99.5           97.5   98.5   84.5   99.0   90.0   67.5   91.0   82.0   88.5   79.0   75.5   61.0   65.5   55.5   55.5   62.0   31.0   17.0
15          100.0  100.0          100.0   99.0   90.5   99.0   94.0   76.5   92.0   89.0   89.5   84.0   82.0   72.5   70.5   64.5   63.0   68.5   40.0   25.5
16          100.0  100.0          100.0   99.5   94.5   99.0   96.5   84.0   94.5   94.0   94.5   89.0   87.5   81.0   80.0   73.0   79.0   76.0   45.5   32.5
17          100.0  100.0          100.0  100.0  100.0   99.5   98.5   95.5   96.5   96.0   97.0   95.5   91.5   87.5   89.5   89.0   85.0   83.0   55.0   41.0
18          100.0  100.0          100.0  100.0  100.0  100.0   99.5   99.5   99.0   99.0   98.0   98.0   98.0   95.5   95.0   95.0   94.5   91.0   76.0   62.0
19          100.0  100.0          100.0  100.0  100.0  100.0  100.0  100.0  100.0  100.0  100.0  100.0  100.0  100.0  100.0  100.0  100.0  100.0  100.0  100.0

                                                 winner  winStage                                                   validStages
algorithm                                                                                                                      
InstantRunoffVoting                                 930       NaN                                                           NaN
SingleTransferableVote                              930       NaN                                                           NaN
PreferentialBlockVoting                             930       NaN                                                           NaN
FirstPastThePost (but without tactical voting)      930       NaN                                                           NaN
MyVoteSys <α=0.50, β=____, γ=____, First>           930       2.0  [2, 3, 4, 5, 6, 7, 8, 9, 10, 11, 12, 13, 14, 15, 16, 17, 18]
MyVoteSys <α=0.50, β=____, γ=____, Last>            969      18.0  [2, 3, 4, 5, 6, 7, 8, 9, 10, 11, 12, 13, 14, 15, 16, 17, 18]
MyVoteSys <α=0.50, β=____, γ=____, MinEntropy>      930       2.0  [2, 3, 4, 5, 6, 7, 8, 9, 10, 11, 12, 13, 14, 15, 16, 17, 18]
MyVoteSys <α=0.50, β=____, γ=____, MaxEntropy>      969      18.0  [2, 3, 4, 5, 6, 7, 8, 9, 10, 11, 12, 13, 14, 15, 16, 17, 18]
MyVoteSys <α=0.50, β=____, γ=____, MinVariance>     930       7.0  [2, 3, 4, 5, 6, 7, 8, 9, 10, 11, 12, 13, 14, 15, 16, 17, 18]
MyVoteSys <α=0.50, β=____, γ=____, MaxVariance>     969      18.0  [2, 3, 4, 5, 6, 7, 8, 9, 10, 11, 12, 13, 14, 15, 16, 17, 18]
MyVoteSys <α=0.50, β=____, γ=0.66, First>           930       2.0                                                        [2, 3]
MyVoteSys <α=0.50, β=____, γ=0.66, Last>            930       3.0                                                        [2, 3]
MyVoteSys <α=0.50, β=____, γ=0.66, MinEntropy>      930       2.0                                                        [2, 3]
MyVoteSys <α=0.50, β=____, γ=0.66, MaxEntropy>      930       3.0                                                        [2, 3]
MyVoteSys <α=0.50, β=____, γ=0.66, MinVariance>     930       3.0                                                        [2, 3]
MyVoteSys <α=0.50, β=____, γ=0.66, MaxVariance>     930       2.0                                                        [2, 3]
MyVoteSys <α=0.50, β=____, γ=0.80, First>           930       2.0                                                     [2, 3, 4]
MyVoteSys <α=0.50, β=____, γ=0.80, Last>            930       4.0                                                     [2, 3, 4]
MyVoteSys <α=0.50, β=____, γ=0.80, MinEntropy>      930       2.0                                                     [2, 3, 4]
MyVoteSys <α=0.50, β=____, γ=0.80, MaxEntropy>      930       4.0                                                     [2, 3, 4]
MyVoteSys <α=0.50, β=____, γ=0.80, MinVariance>     930       4.0                                                     [2, 3, 4]
MyVoteSys <α=0.50, β=____, γ=0.80, MaxVariance>     930       2.0                                                     [2, 3, 4]
MyVoteSys <α=0.50, β=0.33, γ=____, First>           930       2.0                                         [2, 3, 4, 5, 6, 7, 8]
MyVoteSys <α=0.50, β=0.33, γ=____, Last>            930       8.0                                         [2, 3, 4, 5, 6, 7, 8]
MyVoteSys <α=0.50, β=0.33, γ=____, MinEntropy>      930       2.0                                         [2, 3, 4, 5, 6, 7, 8]
MyVoteSys <α=0.50, β=0.33, γ=____, MaxEntropy>      930       8.0                                         [2, 3, 4, 5, 6, 7, 8]
MyVoteSys <α=0.50, β=0.33, γ=____, MinVariance>     930       7.0                                         [2, 3, 4, 5, 6, 7, 8]
MyVoteSys <α=0.50, β=0.33, γ=____, MaxVariance>     930       2.0                                         [2, 3, 4, 5, 6, 7, 8]
MyVoteSys <α=0.50, β=0.33, γ=0.66, First>           930       2.0                                                        [2, 3]
MyVoteSys <α=0.50, β=0.33, γ=0.66, Last>            930       3.0                                                        [2, 3]
MyVoteSys <α=0.50, β=0.33, γ=0.66, MinEntropy>      930       2.0                                                        [2, 3]
MyVoteSys <α=0.50, β=0.33, γ=0.66, MaxEntropy>      930       3.0                                                        [2, 3]
MyVoteSys <α=0.50, β=0.33, γ=0.66, MinVariance>     930       3.0                                                        [2, 3]
MyVoteSys <α=0.50, β=0.33, γ=0.66, MaxVariance>     930       2.0                                                        [2, 3]
MyVoteSys <α=0.50, β=0.33, γ=0.80, First>           930       2.0                                                     [2, 3, 4]
MyVoteSys <α=0.50, β=0.33, γ=0.80, Last>            930       4.0                                                     [2, 3, 4]
MyVoteSys <α=0.50, β=0.33, γ=0.80, MinEntropy>      930       2.0                                                     [2, 3, 4]
MyVoteSys <α=0.50, β=0.33, γ=0.80, MaxEntropy>      930       4.0                                                     [2, 3, 4]
MyVoteSys <α=0.50, β=0.33, γ=0.80, MinVariance>     930       4.0                                                     [2, 3, 4]
MyVoteSys <α=0.50, β=0.33, γ=0.80, MaxVariance>     930       2.0                                                     [2, 3, 4]
MyVoteSys <α=0.66, β=____, γ=____, First>           930       3.0     [3, 4, 5, 6, 7, 8, 9, 10, 11, 12, 13, 14, 15, 16, 17, 18]
MyVoteSys <α=0.66, β=____, γ=____, Last>            969      18.0     [3, 4, 5, 6, 7, 8, 9, 10, 11, 12, 13, 14, 15, 16, 17, 18]
MyVoteSys <α=0.66, β=____, γ=____, MinEntropy>      930       3.0     [3, 4, 5, 6, 7, 8, 9, 10, 11, 12, 13, 14, 15, 16, 17, 18]
MyVoteSys <α=0.66, β=____, γ=____, MaxEntropy>      969      18.0     [3, 4, 5, 6, 7, 8, 9, 10, 11, 12, 13, 14, 15, 16, 17, 18]
MyVoteSys <α=0.66, β=____, γ=____, MinVariance>     930       7.0     [3, 4, 5, 6, 7, 8, 9, 10, 11, 12, 13, 14, 15, 16, 17, 18]
MyVoteSys <α=0.66, β=____, γ=____, MaxVariance>     969      18.0     [3, 4, 5, 6, 7, 8, 9, 10, 11, 12, 13, 14, 15, 16, 17, 18]
MyVoteSys <α=0.66, β=____, γ=0.80, First>           930       3.0                                                        [3, 4]
MyVoteSys <α=0.66, β=____, γ=0.80, Last>            930       4.0                                                        [3, 4]
MyVoteSys <α=0.66, β=____, γ=0.80, MinEntropy>      930       3.0                                                        [3, 4]
MyVoteSys <α=0.66, β=____, γ=0.80, MaxEntropy>      930       4.0                                                        [3, 4]
MyVoteSys <α=0.66, β=____, γ=0.80, MinVariance>     930       4.0                                                        [3, 4]
MyVoteSys <α=0.66, β=____, γ=0.80, MaxVariance>     930       3.0                                                        [3, 4]
MyVoteSys <α=0.66, β=0.33, γ=____, First>           930       3.0                                            [3, 4, 5, 6, 7, 8]
MyVoteSys <α=0.66, β=0.33, γ=____, Last>            930       8.0                                            [3, 4, 5, 6, 7, 8]
MyVoteSys <α=0.66, β=0.33, γ=____, MinEntropy>      930       3.0                                            [3, 4, 5, 6, 7, 8]
MyVoteSys <α=0.66, β=0.33, γ=____, MaxEntropy>      930       8.0                                            [3, 4, 5, 6, 7, 8]
MyVoteSys <α=0.66, β=0.33, γ=____, MinVariance>     930       7.0                                            [3, 4, 5, 6, 7, 8]
MyVoteSys <α=0.66, β=0.33, γ=____, MaxVariance>     930       3.0                                            [3, 4, 5, 6, 7, 8]
MyVoteSys <α=0.66, β=0.33, γ=0.80, First>           930       3.0                                                        [3, 4]
MyVoteSys <α=0.66, β=0.33, γ=0.80, Last>            930       4.0                                                        [3, 4]
MyVoteSys <α=0.66, β=0.33, γ=0.80, MinEntropy>      930       3.0                                                        [3, 4]
MyVoteSys <α=0.66, β=0.33, γ=0.80, MaxEntropy>      930       4.0                                                        [3, 4]
MyVoteSys <α=0.66, β=0.33, γ=0.80, MinVariance>     930       4.0                                                        [3, 4]
MyVoteSys <α=0.66, β=0.33, γ=0.80, MaxVariance>     930       3.0                                                        [3, 4]
MyVoteSys <α=0.80, β=____, γ=____, First>           930       4.0        [4, 5, 6, 7, 8, 9, 10, 11, 12, 13, 14, 15, 16, 17, 18]
MyVoteSys <α=0.80, β=____, γ=____, Last>            969      18.0        [4, 5, 6, 7, 8, 9, 10, 11, 12, 13, 14, 15, 16, 17, 18]
MyVoteSys <α=0.80, β=____, γ=____, MinEntropy>      930       4.0        [4, 5, 6, 7, 8, 9, 10, 11, 12, 13, 14, 15, 16, 17, 18]
MyVoteSys <α=0.80, β=____, γ=____, MaxEntropy>      969      18.0        [4, 5, 6, 7, 8, 9, 10, 11, 12, 13, 14, 15, 16, 17, 18]
MyVoteSys <α=0.80, β=____, γ=____, MinVariance>     930       7.0        [4, 5, 6, 7, 8, 9, 10, 11, 12, 13, 14, 15, 16, 17, 18]
MyVoteSys <α=0.80, β=____, γ=____, MaxVariance>     969      18.0        [4, 5, 6, 7, 8, 9, 10, 11, 12, 13, 14, 15, 16, 17, 18]
MyVoteSys <α=0.80, β=0.33, γ=____, First>           930       4.0                                               [4, 5, 6, 7, 8]
MyVoteSys <α=0.80, β=0.33, γ=____, Last>            930       8.0                                               [4, 5, 6, 7, 8]
MyVoteSys <α=0.80, β=0.33, γ=____, MinEntropy>      930       4.0                                               [4, 5, 6, 7, 8]
MyVoteSys <α=0.80, β=0.33, γ=____, MaxEntropy>      930       8.0                                               [4, 5, 6, 7, 8]
MyVoteSys <α=0.80, β=0.33, γ=____, MinVariance>     930       7.0                                               [4, 5, 6, 7, 8]
MyVoteSys <α=0.80, β=0.33, γ=____, MaxVariance>     930       4.0                                               [4, 5, 6, 7, 8]
bestVoter (Dictatorship)                            819       NaN                                                           NaN
crowd-Mean                                          930       NaN                                                           NaN
crowd-Median                                        930       NaN                                                           NaN 

Last Election Candidates:
                        y
Candidates               
2007          -300.216861
2199          -170.077537
1906          -106.766052
2107           -78.135989
131            -71.055126
2799           -62.754797
1400           -59.971210
2260           -44.865989
748            -35.794694
NullCandidate   -3.467414
209             28.664416
2393            36.661009
53              63.873490
1303            76.470444
2322            77.873071
1310           131.686122
1228           206.668818
969            209.183280
819            217.214988
930            256.428746

Voters Validation Mean Squared Error:
[11508.91, 11765.01, 12698.4, 11284.55, 12035.03, 11640.58, 11742.25, 10100.36, 11285.01, 11532.34, 10130.41, 11266.82, 11095.31, 12457.07, 11881.39, 10045.84, 10799.79, 9432.24, 14050.59, 11601.88, 12708.73, 10674.09, 11872.55, 9731.36, 10744.5, 11754.22, 10783.0, 12526.68, 11069.58, 12987.83, 9409.69, 12171.33, 8785.71, 12368.34, 11616.39, 11924.51, 11043.26, 10025.95, 15045.49, 12203.38, 10864.02, 12322.15, 15585.33, 14368.97, 11645.69, 11554.36, 11316.25, 10244.95, 8812.7, 12341.35, 10385.13, 10028.04, 11503.63, 11701.2, 12045.66, 11188.15, 12352.77, 11263.46, 11605.62, 15462.2, 14608.43, 10682.8, 14552.23, 9713.6, 11540.71, 14850.51, 12198.4, 10680.67, 11659.91, 10440.09, 10399.36, 10232.26, 12833.53, 10525.48, 11272.43, 11342.51, 12431.26, 10078.82, 15122.71, 9118.39, 13691.65, 14592.86, 9616.71, 10393.37, 10892.14, 10036.97, 10521.31, 15506.15, 12727.66, 11524.71, 10624.53, 11290.12, 8877.56, 10537.82, 11508.61, 10046.02, 14791.63, 12393.92, 11649.59, 9781.92, 12303.33, 9647.33, 12801.56, 11767.27, 12170.29, 10988.46, 11155.31, 9696.76, 10759.73, 10724.62, 11289.02, 10030.88, 9640.25, 14277.5, 8993.79, 12121.78, 8858.42, 10659.55, 12186.92, 12879.93, 11490.63, 11528.33, 11490.38, 10577.06, 10106.84, 11700.87, 9875.43, 15114.51, 10378.44, 12971.62, 12423.0, 11013.17, 11921.52, 11958.27, 9767.79, 10422.94, 12466.52, 12220.61, 12173.38, 12475.54, 11692.5, 11737.44, 12252.53, 8791.9, 12768.96, 9719.81, 12948.16, 11728.05, 12114.15, 10803.96, 12515.27, 11176.23, 11506.19, 11518.93, 12506.76, 11192.67, 11017.88, 14206.45, 10988.24, 9814.71, 11867.76, 12150.46, 13181.92, 12403.2, 12206.37, 12560.66, 12148.05, 10755.46, 10522.36, 10126.33, 12429.31, 10760.93, 12192.25, 10529.8, 14858.98, 12156.75, 13251.08, 12170.41, 11237.07, 10510.2, 11301.39, 10234.61, 12456.56, 15224.32, 11109.35, 13993.93, 12078.54, 12786.38, 12220.17, 11697.86, 13778.24, 12798.97, 10952.39, 10716.47, 10551.18, 10001.92, 10024.95, 15356.2, 12232.74, 10354.28]

Voters Validation Mean Error:
[107.28, 108.47, 112.69, 106.23, 109.7, 107.89, 108.36, 100.5, 106.23, 107.39, 100.65, 106.15, 105.33, 111.61, 109.0, 100.23, 103.92, 97.12, 118.54, 107.71, 112.73, 103.32, 108.96, 98.65, 103.66, 108.42, 103.84, 111.92, 105.21, 113.96, 97.0, 110.32, 93.73, 111.21, 107.78, 109.2, 105.09, 100.13, 122.66, 110.47, 104.23, 111.01, 124.84, 119.87, 107.92, 107.49, 106.38, 101.22, 93.88, 111.09, 101.91, 100.14, 107.25, 108.17, 109.75, 105.77, 111.14, 106.13, 107.73, 124.35, 120.87, 103.36, 120.63, 98.56, 107.43, 121.86, 110.45, 103.35, 107.98, 102.18, 101.98, 101.15, 113.29, 102.59, 106.17, 106.5, 111.5, 100.39, 122.97, 95.49, 117.01, 120.8, 98.06, 101.95, 104.37, 100.18, 102.57, 124.52, 112.82, 107.35, 103.08, 106.25, 94.22, 102.65, 107.28, 100.23, 121.62, 111.33, 107.93, 98.9, 110.92, 98.22, 113.14, 108.48, 110.32, 104.83, 105.62, 98.47, 103.73, 103.56, 106.25, 100.15, 98.18, 119.49, 94.84, 110.1, 94.12, 103.25, 110.39, 113.49, 107.19, 107.37, 107.19, 102.84, 100.53, 108.17, 99.38, 122.94, 101.87, 113.89, 111.46, 104.94, 109.19, 109.35, 98.83, 102.09, 111.65, 110.55, 110.33, 111.69, 108.13, 108.34, 110.69, 93.77, 113.0, 98.59, 113.79, 108.3, 110.06, 103.94, 111.87, 105.72, 107.27, 107.33, 111.83, 105.8, 104.97, 119.19, 104.82, 99.07, 108.94, 110.23, 114.81, 111.37, 110.48, 112.07, 110.22, 103.71, 102.58, 100.63, 111.49, 103.73, 110.42, 102.61, 121.9, 110.26, 115.11, 110.32, 106.01, 102.52, 106.31, 101.17, 111.61, 123.39, 105.4, 118.3, 109.9, 113.08, 110.54, 108.16, 117.38, 113.13, 104.65, 103.52, 102.72, 100.01, 100.12, 123.92, 110.6, 101.76]

numCandiates : 20
numVoters : 200
numElections : 1
columnBlindness : 6
epochs : 133
trainableLayerCount : 1
crowdBuildMethod : None
dataSetName : mySynthetic
predictedFeature : y

========= SIMULATION RESULTS ========
Metrics                                          meanWinnerRank  rateTrueWinners  rateWinner<NULL  val_Mean²Err
Algorithms                                                                                                     
MyVoteSys <α=0.50, β=0.33, γ=0.80, MaxEntropy>              1.0              1.0              0.0           NaN
MyVoteSys <α=0.50, β=____, γ=0.80, MinVariance>             1.0              1.0              0.0           NaN
MyVoteSys <α=0.66, β=____, γ=0.80, MaxEntropy>              1.0              1.0              0.0           NaN
PreferentialBlockVoting                                     1.0              1.0              0.0           NaN
MyVoteSys <α=0.50, β=____, γ=____, First>                   1.0              1.0              0.0           NaN
MyVoteSys <α=0.50, β=____, γ=0.66, MinEntropy>              1.0              1.0              0.0           NaN
MyVoteSys <α=0.50, β=____, γ=____, MinEntropy>              1.0              1.0              0.0           NaN
MyVoteSys <α=0.66, β=____, γ=0.80, MaxVariance>             1.0              1.0              0.0           NaN
SingleTransferableVote                                      1.0              1.0              0.0           NaN
MyVoteSys <α=0.66, β=0.33, γ=0.80, MaxEntropy>              1.0              1.0              0.0           NaN
MyVoteSys <α=0.50, β=0.33, γ=____, MinEntropy>              1.0              1.0              0.0           NaN
MyVoteSys <α=0.66, β=0.33, γ=____, First>                   1.0              1.0              0.0           NaN
MyVoteSys <α=0.50, β=0.33, γ=0.80, First>                   1.0              1.0              0.0           NaN
MyVoteSys <α=0.66, β=0.33, γ=0.80, MinVariance>             1.0              1.0              0.0           NaN
MyVoteSys <α=0.80, β=____, γ=____, MinVariance>             1.0              1.0              0.0           NaN
MyVoteSys <α=0.50, β=____, γ=0.80, MinEntropy>              1.0              1.0              0.0           NaN
MyVoteSys <α=0.66, β=____, γ=____, MinEntropy>              1.0              1.0              0.0           NaN
MyVoteSys <α=0.66, β=0.33, γ=____, Last>                    1.0              1.0              0.0           NaN
MyVoteSys <α=0.50, β=0.33, γ=0.80, MinEntropy>              1.0              1.0              0.0           NaN
MyVoteSys <α=0.50, β=0.33, γ=____, First>                   1.0              1.0              0.0           NaN
FirstPastThePost (but without tactical voting)              1.0              1.0              0.0           NaN
MyVoteSys <α=0.66, β=____, γ=0.80, MinVariance>             1.0              1.0              0.0           NaN
MyVoteSys <α=0.50, β=0.33, γ=____, Last>                    1.0              1.0              0.0           NaN
crowd-Median                                                1.0              1.0              0.0  21633.181641
MyVoteSys <α=0.50, β=____, γ=0.66, Last>                    1.0              1.0              0.0           NaN
crowd-Mean                                                  1.0              1.0              0.0  21485.755859
MyVoteSys <α=0.80, β=0.33, γ=____, Last>                    1.0              1.0              0.0           NaN
MyVoteSys <α=0.66, β=0.33, γ=____, MaxVariance>             1.0              1.0              0.0           NaN
MyVoteSys <α=0.66, β=____, γ=0.80, MinEntropy>              1.0              1.0              0.0           NaN
MyVoteSys <α=0.66, β=0.33, γ=0.80, First>                   1.0              1.0              0.0           NaN
MyVoteSys <α=0.66, β=0.33, γ=0.80, Last>                    1.0              1.0              0.0           NaN
MyVoteSys <α=0.50, β=0.33, γ=____, MaxVariance>             1.0              1.0              0.0           NaN
MyVoteSys <α=0.50, β=0.33, γ=____, MaxEntropy>              1.0              1.0              0.0           NaN
MyVoteSys <α=0.80, β=0.33, γ=____, MaxVariance>             1.0              1.0              0.0           NaN
MyVoteSys <α=0.50, β=____, γ=0.80, First>                   1.0              1.0              0.0           NaN
MyVoteSys <α=0.50, β=____, γ=0.66, First>                   1.0              1.0              0.0           NaN
MyVoteSys <α=0.50, β=____, γ=____, MinVariance>             1.0              1.0              0.0           NaN
MyVoteSys <α=0.50, β=____, γ=0.66, MinVariance>             1.0              1.0              0.0           NaN
MyVoteSys <α=0.80, β=____, γ=____, MinEntropy>              1.0              1.0              0.0           NaN
MyVoteSys <α=0.50, β=0.33, γ=0.66, MaxVariance>             1.0              1.0              0.0           NaN
InstantRunoffVoting                                         1.0              1.0              0.0           NaN
MyVoteSys <α=0.80, β=0.33, γ=____, MinEntropy>              1.0              1.0              0.0           NaN
MyVoteSys <α=0.66, β=____, γ=0.80, Last>                    1.0              1.0              0.0           NaN
MyVoteSys <α=0.66, β=0.33, γ=____, MinVariance>             1.0              1.0              0.0           NaN
MyVoteSys <α=0.66, β=0.33, γ=____, MinEntropy>              1.0              1.0              0.0           NaN
MyVoteSys <α=0.50, β=0.33, γ=0.66, MinVariance>             1.0              1.0              0.0           NaN
MyVoteSys <α=0.80, β=0.33, γ=____, First>                   1.0              1.0              0.0           NaN
MyVoteSys <α=0.50, β=0.33, γ=0.66, First>                   1.0              1.0              0.0           NaN
MyVoteSys <α=0.66, β=____, γ=____, MinVariance>             1.0              1.0              0.0           NaN
MyVoteSys <α=0.50, β=0.33, γ=0.66, MaxEntropy>              1.0              1.0              0.0           NaN
MyVoteSys <α=0.80, β=____, γ=____, First>                   1.0              1.0              0.0           NaN
MyVoteSys <α=0.66, β=0.33, γ=0.80, MaxVariance>             1.0              1.0              0.0           NaN
MyVoteSys <α=0.50, β=____, γ=0.80, MaxEntropy>              1.0              1.0              0.0           NaN
MyVoteSys <α=0.66, β=0.33, γ=0.80, MinEntropy>              1.0              1.0              0.0           NaN
MyVoteSys <α=0.80, β=0.33, γ=____, MinVariance>             1.0              1.0              0.0           NaN
MyVoteSys <α=0.50, β=0.33, γ=0.80, MinVariance>             1.0              1.0              0.0           NaN
MyVoteSys <α=0.66, β=0.33, γ=____, MaxEntropy>              1.0              1.0              0.0           NaN
MyVoteSys <α=0.80, β=0.33, γ=____, MaxEntropy>              1.0              1.0              0.0           NaN
MyVoteSys <α=0.50, β=0.33, γ=0.80, Last>                    1.0              1.0              0.0           NaN
MyVoteSys <α=0.66, β=____, γ=____, First>                   1.0              1.0              0.0           NaN
MyVoteSys <α=0.50, β=____, γ=0.80, MaxVariance>             1.0              1.0              0.0           NaN
MyVoteSys <α=0.50, β=0.33, γ=0.66, Last>                    1.0              1.0              0.0           NaN
MyVoteSys <α=0.66, β=____, γ=0.80, First>                   1.0              1.0              0.0           NaN
MyVoteSys <α=0.50, β=0.33, γ=____, MinVariance>             1.0              1.0              0.0           NaN
MyVoteSys <α=0.50, β=0.33, γ=0.66, MinEntropy>              1.0              1.0              0.0           NaN
MyVoteSys <α=0.50, β=____, γ=0.66, MaxVariance>             1.0              1.0              0.0           NaN
MyVoteSys <α=0.50, β=0.33, γ=0.80, MaxVariance>             1.0              1.0              0.0           NaN
MyVoteSys <α=0.50, β=____, γ=0.66, MaxEntropy>              1.0              1.0              0.0           NaN
MyVoteSys <α=0.50, β=____, γ=0.80, Last>                    1.0              1.0              0.0           NaN
bestVoter (Dictatorship)                                    2.0              0.0              0.0   8785.707031
MyVoteSys <α=0.80, β=____, γ=____, MaxVariance>             3.0              0.0              0.0           NaN
MyVoteSys <α=0.50, β=____, γ=____, MaxEntropy>              3.0              0.0              0.0           NaN
MyVoteSys <α=0.80, β=____, γ=____, Last>                    3.0              0.0              0.0           NaN
MyVoteSys <α=0.50, β=____, γ=____, Last>                    3.0              0.0              0.0           NaN
MyVoteSys <α=0.66, β=____, γ=____, MaxVariance>             3.0              0.0              0.0           NaN
MyVoteSys <α=0.66, β=____, γ=____, Last>                    3.0              0.0              0.0           NaN
MyVoteSys <α=0.66, β=____, γ=____, MaxEntropy>              3.0              0.0              0.0           NaN
MyVoteSys <α=0.80, β=____, γ=____, MaxEntropy>              3.0              0.0              0.0           NaN
MyVoteSys <α=0.50, β=____, γ=____, MaxVariance>             3.0              0.0              0.0           NaN

