Last Election voting process:

Stamp Counts Table:
 Candidates  1916  638  85  2693  1797  2396  565  1958  820  2786  1468  2309  1213  86  90  1851  2042  2130  2265  NullCandidate
Stage                                                                                                                             
0              4   30  21     6     0    14    5    38    9     0     8     6    11  19  11    14     4     0     0              0
1              6   25  14    15     2    40    9    14   11     9     0     8     1   3   2    23    13     2     3              0
2              8    9  12     2     2    19   15    20   19    22     6    14     6   5  13    18     8     2     0              0
3             11   16  23     1     5    23   11     7   17    10    15     6     4   4   6     8    24     2     7              0
4             17   13  19     7     8     4   16    19   11    17    11    17     8   7   2     6     6     0    12              0
5             12   28  22     5    20     6    9     4    4    14    13    20    10  17   3     3     1     1     8              0
6              3   21  16     9    15    12   16    10   14    14    11    22     8   2   6     5     2     2     9              3
7             16   16  13     5    18     9   13     9    6    12     8     5    13   8   9    12     5     4    10              9
8             22   16  15     7    14     7    4     8   16     5     6    12    11   4  14     8     3     2     7             19
9             11    7   7     9    18     8   18    11   11     4    13     5    13  11   6     9    11     7     8             13
10            23    9   2     7    18    10   12    10    4    10     9     4     7  12   4    14     6     8     6             25
11             8    4   7    11     5     6   11    13   14    11     7     5     6  18   9    10     4     6     6             39
12            22    0  10    20     9     9   10     8    6     3     4    14     4  17  10     6    10    10     8             20
13            10    3   2    17    11    12    7     9   10     9     6     5    11  14  17     8    12    15    13              9
14            14    2   2    19    13     7    5     3   20    12    11     5     5  16   5    15     8    13    12             13
15             7    0   1    13     7     3   12     6    6    11     9     9    13   3  12     6    34    28    20              0
16             6    0   4    21    10     4   11     2    5    11    14    16    14  15  11     4    16    14    21              1
17             0    1   7    18     5     0    6     4    7    12    23    11    19   9  20    10     6    29    13              0
18             0    0   3     8    20     4    7     1    6    10    22    10    30   8  25     2     8    29     7              0
19             0    0   0     0     0     3    3     4    4     4     4     6     6   8  15    19    19    26    30             49 

Processed Vote Counts Table:
 Candidates  1916  638   85  2693  1797  2396  565  1958  820  2786  1468  2309  1213   86   90  1851  2042  2130  2265  NullCandidate
Stage                                                                                                                                
0              4   30   21     6     0    14    5    38    9     0     8     6    11   19   11    14     4     0     0              0
1             10   55   35    21     2    54   14    52   20     9     8    14    12   22   13    37    17     2     3              0
2             18   64   47    23     4    73   29    72   39    31    14    28    18   27   26    55    25     4     3              0
3             29   80   70    24     9    96   40    79   56    41    29    34    22   31   32    63    49     6    10              0
4             46   93   89    31    17   100   56    98   67    58    40    51    30   38   34    69    55     6    22              0
5             58  121  111    36    37   106   65   102   71    72    53    71    40   55   37    72    56     7    30              0
6             61  142  127    45    52   118   81   112   85    86    64    93    48   57   43    77    58     9    39              3
7             77  158  140    50    70   127   94   121   91    98    72    98    61   65   52    89    63    13    49             12
8             99  174  155    57    84   134   98   129  107   103    78   110    72   69   66    97    66    15    56             31
9            110  181  162    66   102   142  116   140  118   107    91   115    85   80   72   106    77    22    64             44
10           133  190  164    73   120   152  128   150  122   117   100   119    92   92   76   120    83    30    70             69
11           141  194  171    84   125   158  139   163  136   128   107   124    98  110   85   130    87    36    76            108
12           163  194  181   104   134   167  149   171  142   131   111   138   102  127   95   136    97    46    84            128
13           173  197  183   121   145   179  156   180  152   140   117   143   113  141  112   144   109    61    97            137
14           187  199  185   140   158   186  161   183  172   152   128   148   118  157  117   159   117    74   109            150
15           194  199  186   153   165   189  173   189  178   163   137   157   131  160  129   165   151   102   129            150
16           200  199  190   174   175   193  184   191  183   174   151   173   145  175  140   169   167   116   150            151
17           200  200  197   192   180   193  190   195  190   186   174   184   164  184  160   179   173   145   163            151
18           200  200  200   200   200   197  197   196  196   196   196   194   194  192  185   181   181   174   170            151
19           200  200  200   200   200   200  200   200  200   200   200   200   200  200  200   200   200   200   200            200 

Score(%) of Candidates Table:
 Candidates   1916    638     85   2693   1797   2396    565   1958    820   2786   1468   2309   1213     86     90   1851   2042   2130   2265  NullCandidate
Stage                                                                                                                                                         
0             2.0   15.0   10.5    3.0    0.0    7.0    2.5   19.0    4.5    0.0    4.0    3.0    5.5    9.5    5.5    7.0    2.0    0.0    0.0            0.0
1             5.0   27.5   17.5   10.5    1.0   27.0    7.0   26.0   10.0    4.5    4.0    7.0    6.0   11.0    6.5   18.5    8.5    1.0    1.5            0.0
2             9.0   32.0   23.5   11.5    2.0   36.5   14.5   36.0   19.5   15.5    7.0   14.0    9.0   13.5   13.0   27.5   12.5    2.0    1.5            0.0
3            14.5   40.0   35.0   12.0    4.5   48.0   20.0   39.5   28.0   20.5   14.5   17.0   11.0   15.5   16.0   31.5   24.5    3.0    5.0            0.0
4            23.0   46.5   44.5   15.5    8.5   50.0   28.0   49.0   33.5   29.0   20.0   25.5   15.0   19.0   17.0   34.5   27.5    3.0   11.0            0.0
5            29.0   60.5   55.5   18.0   18.5   53.0   32.5   51.0   35.5   36.0   26.5   35.5   20.0   27.5   18.5   36.0   28.0    3.5   15.0            0.0
6            30.5   71.0   63.5   22.5   26.0   59.0   40.5   56.0   42.5   43.0   32.0   46.5   24.0   28.5   21.5   38.5   29.0    4.5   19.5            1.5
7            38.5   79.0   70.0   25.0   35.0   63.5   47.0   60.5   45.5   49.0   36.0   49.0   30.5   32.5   26.0   44.5   31.5    6.5   24.5            6.0
8            49.5   87.0   77.5   28.5   42.0   67.0   49.0   64.5   53.5   51.5   39.0   55.0   36.0   34.5   33.0   48.5   33.0    7.5   28.0           15.5
9            55.0   90.5   81.0   33.0   51.0   71.0   58.0   70.0   59.0   53.5   45.5   57.5   42.5   40.0   36.0   53.0   38.5   11.0   32.0           22.0
10           66.5   95.0   82.0   36.5   60.0   76.0   64.0   75.0   61.0   58.5   50.0   59.5   46.0   46.0   38.0   60.0   41.5   15.0   35.0           34.5
11           70.5   97.0   85.5   42.0   62.5   79.0   69.5   81.5   68.0   64.0   53.5   62.0   49.0   55.0   42.5   65.0   43.5   18.0   38.0           54.0
12           81.5   97.0   90.5   52.0   67.0   83.5   74.5   85.5   71.0   65.5   55.5   69.0   51.0   63.5   47.5   68.0   48.5   23.0   42.0           64.0
13           86.5   98.5   91.5   60.5   72.5   89.5   78.0   90.0   76.0   70.0   58.5   71.5   56.5   70.5   56.0   72.0   54.5   30.5   48.5           68.5
14           93.5   99.5   92.5   70.0   79.0   93.0   80.5   91.5   86.0   76.0   64.0   74.0   59.0   78.5   58.5   79.5   58.5   37.0   54.5           75.0
15           97.0   99.5   93.0   76.5   82.5   94.5   86.5   94.5   89.0   81.5   68.5   78.5   65.5   80.0   64.5   82.5   75.5   51.0   64.5           75.0
16          100.0   99.5   95.0   87.0   87.5   96.5   92.0   95.5   91.5   87.0   75.5   86.5   72.5   87.5   70.0   84.5   83.5   58.0   75.0           75.5
17          100.0  100.0   98.5   96.0   90.0   96.5   95.0   97.5   95.0   93.0   87.0   92.0   82.0   92.0   80.0   89.5   86.5   72.5   81.5           75.5
18          100.0  100.0  100.0  100.0  100.0   98.5   98.5   98.0   98.0   98.0   98.0   97.0   97.0   96.0   92.5   90.5   90.5   87.0   85.0           75.5
19          100.0  100.0  100.0  100.0  100.0  100.0  100.0  100.0  100.0  100.0  100.0  100.0  100.0  100.0  100.0  100.0  100.0  100.0  100.0          100.0 

Last Election Candidates:
                         y
Candidates               
86             -18.196198
1958           162.020472
1851            36.872533
2693           -93.498411
2396           152.465564
820             66.056398
2130          -280.937519
1916            51.878643
2042           -60.455019
2265          -142.780780
2786             5.202388
2309             9.644965
1468           -34.495014
565             86.089418
85             232.119850
90             -55.223163
638            320.943375
1213           -49.580559
1797            22.933228
NullCandidate   -3.467414
VotersValMSE: [14289.96, 14124.58, 17190.63, 16507.77, 16712.27, 16572.91, 16397.58, 17019.89, 14888.86, 16650.7, 17001.24, 16363.05, 17108.38, 15373.64, 16201.45, 16536.58, 16555.45, 14293.59, 16296.72, 17267.03, 16284.18, 14881.05, 17280.42, 16782.11, 16812.33, 15488.26, 15096.68, 14175.13, 17291.07, 15828.41, 17219.58, 16940.04, 14879.33, 17141.73, 15930.87, 17123.06, 16600.74, 16948.44, 15663.72, 17131.9, 16991.02, 16458.66, 16156.89, 15634.73, 16037.17, 14305.31, 16644.76, 16814.96, 14978.38, 14275.99, 16279.92, 16070.69, 16939.23, 15328.6, 16589.29, 15856.22, 15486.61, 16864.47, 16423.43, 17236.12, 15646.1, 13676.2, 17300.38, 15430.91, 16698.37, 16923.04, 15127.55, 15238.2, 16988.57, 15661.86, 16514.08, 17626.49, 16095.77, 16570.11, 16586.46, 16771.52, 16596.43, 16639.42, 17123.12, 16484.58, 14193.95, 14637.79, 16634.54, 14651.29, 16816.34, 14416.79, 16387.55, 15674.78, 16551.61, 15042.72, 17142.28, 17307.79, 15659.25, 16625.96, 14963.13, 17240.51, 17269.97, 17302.22, 16839.17, 14356.38, 15793.33, 14728.46, 16243.4, 17231.61, 15696.56, 15446.0, 15262.39, 16455.82, 14983.02, 17296.62, 16933.76, 14294.48, 16764.19, 16148.6, 14926.14, 16619.77, 15955.74, 16910.06, 16407.79, 16988.96, 13658.24, 14962.5, 16959.14, 15972.78, 16344.11, 16516.98, 15003.14, 16957.94, 17156.7, 17304.54, 15578.04, 17537.3, 14846.41, 17441.63, 16916.15, 15762.16, 17002.92, 17049.6, 16721.64, 16428.82, 16154.2, 16835.66, 16644.25, 16502.03, 16043.05, 17292.7, 14815.46, 13997.2, 17019.91, 14379.47, 13712.61, 14593.16, 17139.49, 16537.62, 17002.7, 14555.64, 14287.92, 15217.05, 17198.25, 16603.69, 16888.6, 14639.68, 16505.24, 16763.4, 13620.02, 14645.32, 14423.28, 15700.5, 16780.64, 16794.16, 17136.83, 15773.27, 13985.52, 15625.37, 16860.16, 17397.72, 17254.61, 16649.3, 14971.26, 15850.17, 17404.27, 14937.29, 15573.15, 16660.3, 14760.21, 15983.87, 15432.9, 15064.6, 16823.23, 15702.26, 13872.63, 17386.64, 16778.08, 16784.15, 16195.48, 14110.1, 16406.73, 16993.91, 17022.37, 14756.75]
Hyperparameters:

numCandiates : 20
numVoters : 200
numElections : 500
columnBlindness : 8
epochs : 66
trainableLayerCount : 1
crowdBuildMethod : None
dataSetName : mySynthetic
predictedFeature : y
========= SIMULATION RESULTS ========
Metrics                                          meanWinnerRank  rateTrueWinners  rateWinner<NULL  val_Mean²Err
Algorithms                                                                                                     
crowd-mean                                                1.170            0.850            0.000  18862.796875
crowd-median                                              1.436            0.712            0.000  18717.548828
MyVoteSys <α=0.50, β=0.33, γ=0.66, MinVariance>           1.490            0.682            0.000           NaN
MyVoteSys <α=0.50, β=0.33, γ=0.66, Last>                  1.492            0.682            0.000           NaN
MyVoteSys <α=0.50, β=0.33, γ=0.66, MaxEntropy>            1.492            0.682            0.000           NaN
MyVoteSys <α=0.50, β=____, γ=0.66, MinVariance>           1.492            0.680            0.000           NaN
MyVoteSys <α=0.66, β=____, γ=0.80, MaxVariance>           1.496            0.690            0.000           NaN
MyVoteSys <α=0.66, β=____, γ=____, First>                 1.504            0.676            0.000           NaN
MyVoteSys <α=0.66, β=____, γ=0.80, MinEntropy>            1.504            0.676            0.000           NaN
MyVoteSys <α=0.50, β=____, γ=0.66, Last>                  1.504            0.676            0.000           NaN
MyVoteSys <α=0.66, β=____, γ=0.80, First>                 1.504            0.676            0.000           NaN
MyVoteSys <α=0.66, β=____, γ=____, MinEntropy>            1.504            0.676            0.000           NaN
MyVoteSys <α=0.50, β=____, γ=0.66, MaxEntropy>            1.504            0.676            0.000           NaN
MyVoteSys <α=0.50, β=0.33, γ=0.80, MinVariance>           1.532            0.678            0.000           NaN
MyVoteSys <α=0.50, β=0.33, γ=____, MinVariance>           1.544            0.670            0.000           NaN
MyVoteSys <α=0.50, β=____, γ=0.80, MinVariance>           1.552            0.668            0.000           NaN
MyVoteSys <α=0.50, β=0.33, γ=0.80, MaxEntropy>            1.564            0.670            0.000           NaN
MyVoteSys <α=0.50, β=0.33, γ=0.80, Last>                  1.564            0.670            0.000           NaN
MyVoteSys <α=0.66, β=____, γ=0.80, MinVariance>           1.570            0.662            0.000           NaN
MyVoteSys <α=0.50, β=0.33, γ=____, MaxEntropy>            1.580            0.660            0.000           NaN
MyVoteSys <α=0.50, β=0.33, γ=____, Last>                  1.580            0.660            0.000           NaN
MyVoteSys <α=0.66, β=0.33, γ=____, MaxVariance>           1.590            0.684            0.000           NaN
MyVoteSys <α=0.50, β=____, γ=____, MinVariance>           1.590            0.654            0.000           NaN
MyVoteSys <α=0.66, β=0.33, γ=0.80, MaxVariance>           1.592            0.680            0.000           NaN
MyVoteSys <α=0.66, β=0.33, γ=0.80, MinEntropy>            1.600            0.672            0.000           NaN
MyVoteSys <α=0.66, β=0.33, γ=____, First>                 1.600            0.672            0.000           NaN
MyVoteSys <α=0.66, β=0.33, γ=____, MinEntropy>            1.600            0.672            0.000           NaN
MyVoteSys <α=0.66, β=0.33, γ=0.80, First>                 1.600            0.672            0.000           NaN
MyVoteSys <α=0.66, β=____, γ=____, MinVariance>           1.608            0.648            0.000           NaN
MyVoteSys <α=0.50, β=0.33, γ=____, MaxVariance>           1.616            0.602            0.000           NaN
MyVoteSys <α=0.50, β=0.33, γ=0.80, MaxVariance>           1.616            0.602            0.000           NaN
MyVoteSys <α=0.50, β=0.33, γ=0.66, MinEntropy>            1.620            0.602            0.000           NaN
MyVoteSys <α=0.50, β=____, γ=____, MinEntropy>            1.620            0.602            0.000           NaN
MyVoteSys <α=0.50, β=____, γ=0.80, MinEntropy>            1.620            0.602            0.000           NaN
MyVoteSys <α=0.50, β=0.33, γ=0.80, MinEntropy>            1.620            0.602            0.000           NaN
MyVoteSys <α=0.50, β=0.33, γ=0.80, First>                 1.620            0.602            0.000           NaN
MyVoteSys <α=0.50, β=0.33, γ=____, First>                 1.620            0.602            0.000           NaN
MyVoteSys <α=0.50, β=____, γ=0.66, First>                 1.620            0.602            0.000           NaN
MyVoteSys <α=0.50, β=____, γ=0.80, First>                 1.620            0.602            0.000           NaN
MyVoteSys <α=0.50, β=____, γ=____, First>                 1.620            0.602            0.000           NaN
MyVoteSys <α=0.50, β=____, γ=0.66, MinEntropy>            1.620            0.602            0.000           NaN
MyVoteSys <α=0.50, β=0.33, γ=____, MinEntropy>            1.620            0.602            0.000           NaN
MyVoteSys <α=0.50, β=0.33, γ=0.66, First>                 1.620            0.602            0.000           NaN
MyVoteSys <α=0.50, β=0.33, γ=0.66, MaxVariance>           1.622            0.600            0.000           NaN
MyVoteSys <α=0.50, β=____, γ=0.66, MaxVariance>           1.622            0.600            0.000           NaN
MyVoteSys <α=0.50, β=____, γ=0.80, MaxVariance>           1.630            0.608            0.000           NaN
MyVoteSys <α=0.80, β=____, γ=____, MinEntropy>            1.642            0.642            0.000           NaN
MyVoteSys <α=0.50, β=____, γ=0.80, MaxEntropy>            1.642            0.642            0.000           NaN
MyVoteSys <α=0.66, β=____, γ=0.80, MaxEntropy>            1.642            0.642            0.000           NaN
MyVoteSys <α=0.66, β=____, γ=0.80, Last>                  1.642            0.642            0.000           NaN
MyVoteSys <α=0.80, β=____, γ=____, First>                 1.642            0.642            0.000           NaN
MyVoteSys <α=0.50, β=____, γ=0.80, Last>                  1.642            0.642            0.000           NaN
MyVoteSys <α=0.66, β=0.33, γ=0.80, MinVariance>           1.646            0.666            0.000           NaN
MyVoteSys <α=0.66, β=0.33, γ=____, MinVariance>           1.658            0.658            0.000           NaN
MyVoteSys <α=0.66, β=0.33, γ=0.80, MaxEntropy>            1.672            0.660            0.000           NaN
MyVoteSys <α=0.66, β=0.33, γ=0.80, Last>                  1.672            0.660            0.000           NaN
MyVoteSys <α=0.66, β=0.33, γ=____, Last>                  1.688            0.650            0.000           NaN
MyVoteSys <α=0.66, β=0.33, γ=____, MaxEntropy>            1.688            0.650            0.000           NaN
MyVoteSys <α=0.80, β=____, γ=____, MinVariance>           1.688            0.632            0.000           NaN
PreferentialBlockVoting                                   1.968            0.500            0.000           NaN
InstantRunoffVoting                                       1.968            0.496            0.000           NaN
SingleTransferableVote                                    1.980            0.496            0.000           NaN
MyVoteSys <α=0.50, β=____, γ=____, MaxVariance>           3.004            0.396            0.028           NaN
MyVoteSys <α=0.80, β=____, γ=____, Last>                  3.004            0.396            0.028           NaN
MyVoteSys <α=0.50, β=____, γ=____, MaxEntropy>            3.004            0.396            0.028           NaN
MyVoteSys <α=0.80, β=____, γ=____, MaxVariance>           3.004            0.396            0.028           NaN
MyVoteSys <α=0.66, β=____, γ=____, Last>                  3.004            0.396            0.028           NaN
MyVoteSys <α=0.66, β=____, γ=____, MaxEntropy>            3.004            0.396            0.028           NaN
MyVoteSys <α=0.80, β=____, γ=____, MaxEntropy>            3.004            0.396            0.028           NaN
MyVoteSys <α=0.66, β=____, γ=____, MaxVariance>           3.004            0.396            0.028           NaN
MyVoteSys <α=0.50, β=____, γ=____, Last>                  3.004            0.396            0.028           NaN
FirstPastThePost (but without tactical voting)            4.066            0.292            0.060           NaN
MyVoteSys <α=0.80, β=0.33, γ=____, First>                 4.660            0.432            0.000           NaN
MyVoteSys <α=0.80, β=0.33, γ=____, MinEntropy>            4.660            0.432            0.000           NaN
MyVoteSys <α=0.80, β=0.33, γ=____, MaxVariance>           4.670            0.426            0.000           NaN
MyVoteSys <α=0.80, β=0.33, γ=____, MinVariance>           4.672            0.424            0.000           NaN
MyVoteSys <α=0.80, β=0.33, γ=____, MaxEntropy>            4.676            0.422            0.000           NaN
MyVoteSys <α=0.80, β=0.33, γ=____, Last>                  4.676            0.422            0.000           NaN
bestVoter                                                 5.216            0.164            0.118  13620.016602
