
===== Last Election voting process ======

Stamp Counts Table:
Candidates  2088  99  1003  1595  1298  NullCandidate  117  1659  2855  1161  986  604  1625  1076  1961  810  1352  1685  1536  2189
Stage                                                                                                                                
0              5   3     1     1     0              0    0     0     1     0    0    0     0     0     0    0     0     0     0     0
1              1   2     3     0     1              0    0     0     1     0    1    0     1     0     1    0     0     0     0     0
2              1   0     2     2     2              0    0     0     1     0    0    1     0     0     1    0     0     1     0     0
3              3   0     1     2     2              0    0     0     0     1    0    0     0     0     0    1     1     0     0     0
4              1   2     0     0     0              0    0     1     1     0    0    0     4     1     1    0     0     0     0     0
5              0   2     2     2     0              0    0     2     0     0    1    1     0     0     1    0     0     0     0     0
6              0   1     0     0     0              0    2     0     2     1    0    1     0     2     0    1     1     0     0     0
7              0   0     0     2     0              2    1     1     0     1    1    1     0     2     0    0     0     0     0     0
8              0   1     2     2     0              0    0     1     1     0    1    1     1     1     0    0     0     0     0     0
9              0   0     0     0     1              4    2     0     0     1    2    0     1     0     0    0     0     0     0     0
10             0   0     0     0     1              1    2     0     0     1    1    2     1     1     0    0     0     1     0     0
11             0   0     0     0     1              1    0     0     0     2    1    1     0     1     1    2     1     0     0     0
12             0   0     0     0     1              2    2     0     1     1    1    0     0     0     0    0     1     1     0     1
13             0   0     0     0     2              0    0     1     1     0    0    1     0     1     0    3     0     1     0     1
14             0   0     0     0     0              1    1     2     1     2    0    0     0     1     0    1     1     1     0     0
15             0   0     0     0     0              0    1     3     0     0    1    0     1     0     3    0     0     1     0     1
16             0   0     0     0     0              0    0     0     1     1    1    1     1     0     1    1     0     3     0     1
17             0   0     0     0     0              0    0     0     0     0    0    1     1     0     1    0     1     0     4     3
18             0   0     0     0     0              0    0     0     0     0    0    0     0     1     1    1     4     0     4     0
19             0   0     0     0     0              0    0     0     0     0    0    0     0     0     0    1     1     2     3     4

Processed Vote Counts Table:
Candidates  2088  99  1003  1595  1298  NullCandidate  117  1659  2855  1161  986  604  1625  1076  1961  810  1352  1685  1536  2189
Stage                                                                                                                                
0              5   3     1     1     0              0    0     0     1     0    0    0     0     0     0    0     0     0     0     0
1              6   5     4     1     1              0    0     0     2     0    1    0     1     0     1    0     0     0     0     0
2              7   5     6     3     3              0    0     0     3     0    1    1     1     0     2    0     0     1     0     0
3             10   5     7     5     5              0    0     0     3     1    1    1     1     0     2    1     1     1     0     0
4             11   7     7     5     5              0    0     1     4     1    1    1     5     1     3    1     1     1     0     0
5             11   9     9     7     5              0    0     3     4     1    2    2     5     1     4    1     1     1     0     0
6             11  10     9     7     5              0    2     3     6     2    2    3     5     3     4    2     2     1     0     0
7             11  10     9     9     5              2    3     4     6     3    3    4     5     5     4    2     2     1     0     0
8             11  11    11    11     5              2    3     5     7     3    4    5     6     6     4    2     2     1     0     0
9             11  11    11    11     6              6    5     5     7     4    6    5     7     6     4    2     2     1     0     0
10            11  11    11    11     7              7    7     5     7     5    7    7     8     7     4    2     2     2     0     0
11            11  11    11    11     8              8    7     5     7     7    8    8     8     8     5    4     3     2     0     0
12            11  11    11    11     9             10    9     5     8     8    9    8     8     8     5    4     4     3     0     1
13            11  11    11    11    11             10    9     6     9     8    9    9     8     9     5    7     4     4     0     2
14            11  11    11    11    11             11   10     8    10    10    9    9     8    10     5    8     5     5     0     2
15            11  11    11    11    11             11   11    11    10    10   10    9     9    10     8    8     5     6     0     3
16            11  11    11    11    11             11   11    11    11    11   11   10    10    10     9    9     5     9     0     4
17            11  11    11    11    11             11   11    11    11    11   11   11    11    10    10    9     6     9     4     7
18            11  11    11    11    11             11   11    11    11    11   11   11    11    11    11   10    10     9     8     7
19            11  11    11    11    11             11   11    11    11    11   11   11    11    11    11   11    11    11    11    11

Score(%) of Candidates Table:
Candidates        2088          99        1003        1595        1298  NullCandidate         117        1659        2855        1161         986         604        1625        1076        1961         810        1352        1685        1536        2189
Stage                                                                                                                                                                                                                                                        
0            45.454545   27.272727    9.090909    9.090909    0.000000       0.000000    0.000000    0.000000    9.090909    0.000000    0.000000    0.000000    0.000000    0.000000    0.000000    0.000000    0.000000    0.000000    0.000000    0.000000
1            54.545455   45.454545   36.363636    9.090909    9.090909       0.000000    0.000000    0.000000   18.181818    0.000000    9.090909    0.000000    9.090909    0.000000    9.090909    0.000000    0.000000    0.000000    0.000000    0.000000
2            63.636364   45.454545   54.545455   27.272727   27.272727       0.000000    0.000000    0.000000   27.272727    0.000000    9.090909    9.090909    9.090909    0.000000   18.181818    0.000000    0.000000    9.090909    0.000000    0.000000
3            90.909091   45.454545   63.636364   45.454545   45.454545       0.000000    0.000000    0.000000   27.272727    9.090909    9.090909    9.090909    9.090909    0.000000   18.181818    9.090909    9.090909    9.090909    0.000000    0.000000
4           100.000000   63.636364   63.636364   45.454545   45.454545       0.000000    0.000000    9.090909   36.363636    9.090909    9.090909    9.090909   45.454545    9.090909   27.272727    9.090909    9.090909    9.090909    0.000000    0.000000
5           100.000000   81.818182   81.818182   63.636364   45.454545       0.000000    0.000000   27.272727   36.363636    9.090909   18.181818   18.181818   45.454545    9.090909   36.363636    9.090909    9.090909    9.090909    0.000000    0.000000
6           100.000000   90.909091   81.818182   63.636364   45.454545       0.000000   18.181818   27.272727   54.545455   18.181818   18.181818   27.272727   45.454545   27.272727   36.363636   18.181818   18.181818    9.090909    0.000000    0.000000
7           100.000000   90.909091   81.818182   81.818182   45.454545      18.181818   27.272727   36.363636   54.545455   27.272727   27.272727   36.363636   45.454545   45.454545   36.363636   18.181818   18.181818    9.090909    0.000000    0.000000
8           100.000000  100.000000  100.000000  100.000000   45.454545      18.181818   27.272727   45.454545   63.636364   27.272727   36.363636   45.454545   54.545455   54.545455   36.363636   18.181818   18.181818    9.090909    0.000000    0.000000
9           100.000000  100.000000  100.000000  100.000000   54.545455      54.545455   45.454545   45.454545   63.636364   36.363636   54.545455   45.454545   63.636364   54.545455   36.363636   18.181818   18.181818    9.090909    0.000000    0.000000
10          100.000000  100.000000  100.000000  100.000000   63.636364      63.636364   63.636364   45.454545   63.636364   45.454545   63.636364   63.636364   72.727273   63.636364   36.363636   18.181818   18.181818   18.181818    0.000000    0.000000
11          100.000000  100.000000  100.000000  100.000000   72.727273      72.727273   63.636364   45.454545   63.636364   63.636364   72.727273   72.727273   72.727273   72.727273   45.454545   36.363636   27.272727   18.181818    0.000000    0.000000
12          100.000000  100.000000  100.000000  100.000000   81.818182      90.909091   81.818182   45.454545   72.727273   72.727273   81.818182   72.727273   72.727273   72.727273   45.454545   36.363636   36.363636   27.272727    0.000000    9.090909
13          100.000000  100.000000  100.000000  100.000000  100.000000      90.909091   81.818182   54.545455   81.818182   72.727273   81.818182   81.818182   72.727273   81.818182   45.454545   63.636364   36.363636   36.363636    0.000000   18.181818
14          100.000000  100.000000  100.000000  100.000000  100.000000     100.000000   90.909091   72.727273   90.909091   90.909091   81.818182   81.818182   72.727273   90.909091   45.454545   72.727273   45.454545   45.454545    0.000000   18.181818
15          100.000000  100.000000  100.000000  100.000000  100.000000     100.000000  100.000000  100.000000   90.909091   90.909091   90.909091   81.818182   81.818182   90.909091   72.727273   72.727273   45.454545   54.545455    0.000000   27.272727
16          100.000000  100.000000  100.000000  100.000000  100.000000     100.000000  100.000000  100.000000  100.000000  100.000000  100.000000   90.909091   90.909091   90.909091   81.818182   81.818182   45.454545   81.818182    0.000000   36.363636
17          100.000000  100.000000  100.000000  100.000000  100.000000     100.000000  100.000000  100.000000  100.000000  100.000000  100.000000  100.000000  100.000000   90.909091   90.909091   81.818182   54.545455   81.818182   36.363636   63.636364
18          100.000000  100.000000  100.000000  100.000000  100.000000     100.000000  100.000000  100.000000  100.000000  100.000000  100.000000  100.000000  100.000000  100.000000  100.000000   90.909091   90.909091   81.818182   72.727273   63.636364
19          100.000000  100.000000  100.000000  100.000000  100.000000     100.000000  100.000000  100.000000  100.000000  100.000000  100.000000  100.000000  100.000000  100.000000  100.000000  100.000000  100.000000  100.000000  100.000000  100.000000

                                                 winner  winStage                                                      validStages
algorithm                                                                                                                         
InstantRunoffVoting                                2088       NaN                                                              NaN
SingleTransferableVote                             2088       NaN                                                              NaN
PreferentialBlockVoting                            2088       NaN                                                              NaN
FirstPastThePost (but without tactical voting)     2088       NaN                                                              NaN
MyVoteSys <α=0.50, β=____, γ=____, First>          2088       1.0  [1, 2, 3, 4, 5, 6, 7, 8, 9, 10, 11, 12, 13, 14, 15, 16, 17, 18]
MyVoteSys <α=0.50, β=____, γ=____, Last>           2088      18.0  [1, 2, 3, 4, 5, 6, 7, 8, 9, 10, 11, 12, 13, 14, 15, 16, 17, 18]
MyVoteSys <α=0.50, β=____, γ=____, MinEntropy>     2088       1.0  [1, 2, 3, 4, 5, 6, 7, 8, 9, 10, 11, 12, 13, 14, 15, 16, 17, 18]
MyVoteSys <α=0.50, β=____, γ=____, MaxEntropy>     2088      18.0  [1, 2, 3, 4, 5, 6, 7, 8, 9, 10, 11, 12, 13, 14, 15, 16, 17, 18]
MyVoteSys <α=0.50, β=____, γ=____, MinVariance>    2088       8.0  [1, 2, 3, 4, 5, 6, 7, 8, 9, 10, 11, 12, 13, 14, 15, 16, 17, 18]
MyVoteSys <α=0.50, β=____, γ=____, MaxVariance>    2088      18.0  [1, 2, 3, 4, 5, 6, 7, 8, 9, 10, 11, 12, 13, 14, 15, 16, 17, 18]
MyVoteSys <α=0.50, β=____, γ=0.66, First>          2088       1.0                                                        [1, 2, 3]
MyVoteSys <α=0.50, β=____, γ=0.66, Last>           2088       3.0                                                        [1, 2, 3]
MyVoteSys <α=0.50, β=____, γ=0.66, MinEntropy>     2088       1.0                                                        [1, 2, 3]
MyVoteSys <α=0.50, β=____, γ=0.66, MaxEntropy>     2088       3.0                                                        [1, 2, 3]
MyVoteSys <α=0.50, β=____, γ=0.66, MinVariance>    2088       3.0                                                        [1, 2, 3]
MyVoteSys <α=0.50, β=____, γ=0.66, MaxVariance>    2088       1.0                                                        [1, 2, 3]
MyVoteSys <α=0.50, β=____, γ=0.80, First>          2088       1.0                                                        [1, 2, 3]
MyVoteSys <α=0.50, β=____, γ=0.80, Last>           2088       3.0                                                        [1, 2, 3]
MyVoteSys <α=0.50, β=____, γ=0.80, MinEntropy>     2088       1.0                                                        [1, 2, 3]
MyVoteSys <α=0.50, β=____, γ=0.80, MaxEntropy>     2088       3.0                                                        [1, 2, 3]
MyVoteSys <α=0.50, β=____, γ=0.80, MinVariance>    2088       3.0                                                        [1, 2, 3]
MyVoteSys <α=0.50, β=____, γ=0.80, MaxVariance>    2088       1.0                                                        [1, 2, 3]
MyVoteSys <α=0.50, β=0.33, γ=____, First>          2088       1.0                                         [1, 2, 3, 4, 5, 6, 7, 8]
MyVoteSys <α=0.50, β=0.33, γ=____, Last>           2088       8.0                                         [1, 2, 3, 4, 5, 6, 7, 8]
MyVoteSys <α=0.50, β=0.33, γ=____, MinEntropy>     2088       1.0                                         [1, 2, 3, 4, 5, 6, 7, 8]
MyVoteSys <α=0.50, β=0.33, γ=____, MaxEntropy>     2088       7.0                                         [1, 2, 3, 4, 5, 6, 7, 8]
MyVoteSys <α=0.50, β=0.33, γ=____, MinVariance>    2088       8.0                                         [1, 2, 3, 4, 5, 6, 7, 8]
MyVoteSys <α=0.50, β=0.33, γ=____, MaxVariance>    2088       1.0                                         [1, 2, 3, 4, 5, 6, 7, 8]
MyVoteSys <α=0.50, β=0.33, γ=0.66, First>          2088       1.0                                                        [1, 2, 3]
MyVoteSys <α=0.50, β=0.33, γ=0.66, Last>           2088       3.0                                                        [1, 2, 3]
MyVoteSys <α=0.50, β=0.33, γ=0.66, MinEntropy>     2088       1.0                                                        [1, 2, 3]
MyVoteSys <α=0.50, β=0.33, γ=0.66, MaxEntropy>     2088       3.0                                                        [1, 2, 3]
MyVoteSys <α=0.50, β=0.33, γ=0.66, MinVariance>    2088       3.0                                                        [1, 2, 3]
MyVoteSys <α=0.50, β=0.33, γ=0.66, MaxVariance>    2088       1.0                                                        [1, 2, 3]
MyVoteSys <α=0.50, β=0.33, γ=0.80, First>          2088       1.0                                                        [1, 2, 3]
MyVoteSys <α=0.50, β=0.33, γ=0.80, Last>           2088       3.0                                                        [1, 2, 3]
MyVoteSys <α=0.50, β=0.33, γ=0.80, MinEntropy>     2088       1.0                                                        [1, 2, 3]
MyVoteSys <α=0.50, β=0.33, γ=0.80, MaxEntropy>     2088       3.0                                                        [1, 2, 3]
MyVoteSys <α=0.50, β=0.33, γ=0.80, MinVariance>    2088       3.0                                                        [1, 2, 3]
MyVoteSys <α=0.50, β=0.33, γ=0.80, MaxVariance>    2088       1.0                                                        [1, 2, 3]
MyVoteSys <α=0.66, β=____, γ=____, First>          2088       3.0        [3, 4, 5, 6, 7, 8, 9, 10, 11, 12, 13, 14, 15, 16, 17, 18]
MyVoteSys <α=0.66, β=____, γ=____, Last>           2088      18.0        [3, 4, 5, 6, 7, 8, 9, 10, 11, 12, 13, 14, 15, 16, 17, 18]
MyVoteSys <α=0.66, β=____, γ=____, MinEntropy>     2088       3.0        [3, 4, 5, 6, 7, 8, 9, 10, 11, 12, 13, 14, 15, 16, 17, 18]
MyVoteSys <α=0.66, β=____, γ=____, MaxEntropy>     2088      18.0        [3, 4, 5, 6, 7, 8, 9, 10, 11, 12, 13, 14, 15, 16, 17, 18]
MyVoteSys <α=0.66, β=____, γ=____, MinVariance>    2088       8.0        [3, 4, 5, 6, 7, 8, 9, 10, 11, 12, 13, 14, 15, 16, 17, 18]
MyVoteSys <α=0.66, β=____, γ=____, MaxVariance>    2088      18.0        [3, 4, 5, 6, 7, 8, 9, 10, 11, 12, 13, 14, 15, 16, 17, 18]
MyVoteSys <α=0.66, β=____, γ=0.80, First>          2088       3.0                                                              [3]
MyVoteSys <α=0.66, β=____, γ=0.80, Last>           2088       3.0                                                              [3]
MyVoteSys <α=0.66, β=____, γ=0.80, MinEntropy>     2088       3.0                                                              [3]
MyVoteSys <α=0.66, β=____, γ=0.80, MaxEntropy>     2088       3.0                                                              [3]
MyVoteSys <α=0.66, β=____, γ=0.80, MinVariance>    2088       3.0                                                              [3]
MyVoteSys <α=0.66, β=____, γ=0.80, MaxVariance>    2088       3.0                                                              [3]
MyVoteSys <α=0.66, β=0.33, γ=____, First>          2088       3.0                                               [3, 4, 5, 6, 7, 8]
MyVoteSys <α=0.66, β=0.33, γ=____, Last>           2088       8.0                                               [3, 4, 5, 6, 7, 8]
MyVoteSys <α=0.66, β=0.33, γ=____, MinEntropy>     2088       3.0                                               [3, 4, 5, 6, 7, 8]
MyVoteSys <α=0.66, β=0.33, γ=____, MaxEntropy>     2088       7.0                                               [3, 4, 5, 6, 7, 8]
MyVoteSys <α=0.66, β=0.33, γ=____, MinVariance>    2088       8.0                                               [3, 4, 5, 6, 7, 8]
MyVoteSys <α=0.66, β=0.33, γ=____, MaxVariance>    2088       3.0                                               [3, 4, 5, 6, 7, 8]
MyVoteSys <α=0.66, β=0.33, γ=0.80, First>          2088       3.0                                                              [3]
MyVoteSys <α=0.66, β=0.33, γ=0.80, Last>           2088       3.0                                                              [3]
MyVoteSys <α=0.66, β=0.33, γ=0.80, MinEntropy>     2088       3.0                                                              [3]
MyVoteSys <α=0.66, β=0.33, γ=0.80, MaxEntropy>     2088       3.0                                                              [3]
MyVoteSys <α=0.66, β=0.33, γ=0.80, MinVariance>    2088       3.0                                                              [3]
MyVoteSys <α=0.66, β=0.33, γ=0.80, MaxVariance>    2088       3.0                                                              [3]
MyVoteSys <α=0.80, β=____, γ=____, First>          2088       3.0        [3, 4, 5, 6, 7, 8, 9, 10, 11, 12, 13, 14, 15, 16, 17, 18]
MyVoteSys <α=0.80, β=____, γ=____, Last>           2088      18.0        [3, 4, 5, 6, 7, 8, 9, 10, 11, 12, 13, 14, 15, 16, 17, 18]
MyVoteSys <α=0.80, β=____, γ=____, MinEntropy>     2088       3.0        [3, 4, 5, 6, 7, 8, 9, 10, 11, 12, 13, 14, 15, 16, 17, 18]
MyVoteSys <α=0.80, β=____, γ=____, MaxEntropy>     2088      18.0        [3, 4, 5, 6, 7, 8, 9, 10, 11, 12, 13, 14, 15, 16, 17, 18]
MyVoteSys <α=0.80, β=____, γ=____, MinVariance>    2088       8.0        [3, 4, 5, 6, 7, 8, 9, 10, 11, 12, 13, 14, 15, 16, 17, 18]
MyVoteSys <α=0.80, β=____, γ=____, MaxVariance>    2088      18.0        [3, 4, 5, 6, 7, 8, 9, 10, 11, 12, 13, 14, 15, 16, 17, 18]
MyVoteSys <α=0.80, β=0.33, γ=____, First>          2088       3.0                                               [3, 4, 5, 6, 7, 8]
MyVoteSys <α=0.80, β=0.33, γ=____, Last>           2088       8.0                                               [3, 4, 5, 6, 7, 8]
MyVoteSys <α=0.80, β=0.33, γ=____, MinEntropy>     2088       3.0                                               [3, 4, 5, 6, 7, 8]
MyVoteSys <α=0.80, β=0.33, γ=____, MaxEntropy>     2088       7.0                                               [3, 4, 5, 6, 7, 8]
MyVoteSys <α=0.80, β=0.33, γ=____, MinVariance>    2088       8.0                                               [3, 4, 5, 6, 7, 8]
MyVoteSys <α=0.80, β=0.33, γ=____, MaxVariance>    2088       3.0                                               [3, 4, 5, 6, 7, 8]
bestVoter (Dictatorship)                             99       NaN                                                              NaN
crowd-Mean                                         2088       NaN                                                              NaN
crowd-Median                                       2088       NaN                                                              NaN 

Last Election Candidates:
                        y
Candidates               
1536          -271.388538
2189          -261.964254
1352          -168.968210
810           -128.613617
1685           -88.963364
1961           -72.195066
1161           -54.397685
986            -44.747291
604            -24.645824
1659           -10.368218
NullCandidate   -3.467414
1076             1.422577
117             10.904343
1625            33.519736
2855            40.945479
1298            72.637282
1595           144.635168
1003           157.056801
2088           211.523543
99             215.391697

Voters Validation Mean Squared Error:
[10537.7, 9076.33, 9582.42, 9335.03, 9496.47, 9613.59, 9864.37, 9041.33, 10283.16, 10553.79, 10865.36]

Voters Validation Mean Error:
[102.65, 95.27, 97.89, 96.62, 97.45, 98.05, 99.32, 95.09, 101.41, 102.73, 104.24]

numCandiates : 20
numVoters : 11
numElections : 1
columnBlindness : 5
epochs : 66
trainableLayerCount : 1
crowdBuildMethod : None
dataSetName : mySynthetic
predictedFeature : y

========= SIMULATION RESULTS ========
Metrics                                          meanWinnerRank  rateTrueWinners  rateWinner<NULL  val_Mean²Err
Algorithms                                                                                                     
bestVoter (Dictatorship)                                    1.0              1.0              0.0   9041.327148
PreferentialBlockVoting                                     2.0              0.0              0.0           NaN
MyVoteSys <α=0.50, β=____, γ=0.66, MaxVariance>             2.0              0.0              0.0           NaN
MyVoteSys <α=0.50, β=0.33, γ=0.66, Last>                    2.0              0.0              0.0           NaN
MyVoteSys <α=0.50, β=0.33, γ=0.66, MinEntropy>              2.0              0.0              0.0           NaN
MyVoteSys <α=0.66, β=0.33, γ=____, MaxEntropy>              2.0              0.0              0.0           NaN
MyVoteSys <α=0.66, β=0.33, γ=____, MinEntropy>              2.0              0.0              0.0           NaN
MyVoteSys <α=0.50, β=____, γ=____, MaxVariance>             2.0              0.0              0.0           NaN
MyVoteSys <α=0.66, β=0.33, γ=____, Last>                    2.0              0.0              0.0           NaN
MyVoteSys <α=0.50, β=0.33, γ=0.80, MinEntropy>              2.0              0.0              0.0           NaN
MyVoteSys <α=0.50, β=____, γ=0.66, First>                   2.0              0.0              0.0           NaN
MyVoteSys <α=0.50, β=____, γ=____, MinEntropy>              2.0              0.0              0.0           NaN
MyVoteSys <α=0.50, β=0.33, γ=____, Last>                    2.0              0.0              0.0           NaN
MyVoteSys <α=0.80, β=0.33, γ=____, MinEntropy>              2.0              0.0              0.0           NaN
MyVoteSys <α=0.50, β=____, γ=____, Last>                    2.0              0.0              0.0           NaN
MyVoteSys <α=0.66, β=____, γ=0.80, MinEntropy>              2.0              0.0              0.0           NaN
MyVoteSys <α=0.80, β=0.33, γ=____, MaxVariance>             2.0              0.0              0.0           NaN
MyVoteSys <α=0.66, β=____, γ=0.80, MaxVariance>             2.0              0.0              0.0           NaN
MyVoteSys <α=0.50, β=____, γ=0.66, MinEntropy>              2.0              0.0              0.0           NaN
MyVoteSys <α=0.50, β=0.33, γ=0.80, MinVariance>             2.0              0.0              0.0           NaN
MyVoteSys <α=0.50, β=____, γ=____, MaxEntropy>              2.0              0.0              0.0           NaN
MyVoteSys <α=0.66, β=0.33, γ=____, MaxVariance>             2.0              0.0              0.0           NaN
MyVoteSys <α=0.50, β=____, γ=0.80, MaxVariance>             2.0              0.0              0.0           NaN
MyVoteSys <α=0.80, β=____, γ=____, First>                   2.0              0.0              0.0           NaN
MyVoteSys <α=0.50, β=0.33, γ=0.80, First>                   2.0              0.0              0.0           NaN
MyVoteSys <α=0.50, β=____, γ=____, MinVariance>             2.0              0.0              0.0           NaN
MyVoteSys <α=0.50, β=0.33, γ=____, MaxVariance>             2.0              0.0              0.0           NaN
MyVoteSys <α=0.66, β=____, γ=____, MinVariance>             2.0              0.0              0.0           NaN
crowd-Median                                                2.0              0.0              0.0  24921.308594
MyVoteSys <α=0.66, β=____, γ=0.80, Last>                    2.0              0.0              0.0           NaN
MyVoteSys <α=0.66, β=0.33, γ=0.80, MaxEntropy>              2.0              0.0              0.0           NaN
MyVoteSys <α=0.50, β=0.33, γ=0.66, MinVariance>             2.0              0.0              0.0           NaN
MyVoteSys <α=0.66, β=____, γ=0.80, First>                   2.0              0.0              0.0           NaN
MyVoteSys <α=0.50, β=____, γ=0.80, MaxEntropy>              2.0              0.0              0.0           NaN
MyVoteSys <α=0.66, β=____, γ=____, MinEntropy>              2.0              0.0              0.0           NaN
MyVoteSys <α=0.66, β=____, γ=____, MaxVariance>             2.0              0.0              0.0           NaN
MyVoteSys <α=0.66, β=____, γ=0.80, MaxEntropy>              2.0              0.0              0.0           NaN
MyVoteSys <α=0.80, β=____, γ=____, MaxVariance>             2.0              0.0              0.0           NaN
MyVoteSys <α=0.50, β=____, γ=0.80, Last>                    2.0              0.0              0.0           NaN
MyVoteSys <α=0.50, β=0.33, γ=0.80, MaxEntropy>              2.0              0.0              0.0           NaN
MyVoteSys <α=0.50, β=____, γ=0.66, Last>                    2.0              0.0              0.0           NaN
MyVoteSys <α=0.80, β=____, γ=____, Last>                    2.0              0.0              0.0           NaN
MyVoteSys <α=0.66, β=____, γ=____, MaxEntropy>              2.0              0.0              0.0           NaN
MyVoteSys <α=0.50, β=0.33, γ=0.66, First>                   2.0              0.0              0.0           NaN
MyVoteSys <α=0.80, β=0.33, γ=____, MaxEntropy>              2.0              0.0              0.0           NaN
MyVoteSys <α=0.66, β=0.33, γ=____, MinVariance>             2.0              0.0              0.0           NaN
MyVoteSys <α=0.50, β=____, γ=0.80, MinEntropy>              2.0              0.0              0.0           NaN
MyVoteSys <α=0.50, β=____, γ=0.66, MaxEntropy>              2.0              0.0              0.0           NaN
crowd-Mean                                                  2.0              0.0              0.0  24548.300781
MyVoteSys <α=0.50, β=____, γ=0.66, MinVariance>             2.0              0.0              0.0           NaN
MyVoteSys <α=0.66, β=0.33, γ=0.80, First>                   2.0              0.0              0.0           NaN
MyVoteSys <α=0.50, β=0.33, γ=____, MinEntropy>              2.0              0.0              0.0           NaN
MyVoteSys <α=0.50, β=0.33, γ=0.66, MaxVariance>             2.0              0.0              0.0           NaN
MyVoteSys <α=0.66, β=0.33, γ=0.80, MaxVariance>             2.0              0.0              0.0           NaN
MyVoteSys <α=0.80, β=0.33, γ=____, First>                   2.0              0.0              0.0           NaN
MyVoteSys <α=0.80, β=____, γ=____, MinEntropy>              2.0              0.0              0.0           NaN
InstantRunoffVoting                                         2.0              0.0              0.0           NaN
MyVoteSys <α=0.66, β=____, γ=0.80, MinVariance>             2.0              0.0              0.0           NaN
MyVoteSys <α=0.66, β=0.33, γ=____, First>                   2.0              0.0              0.0           NaN
MyVoteSys <α=0.50, β=____, γ=____, First>                   2.0              0.0              0.0           NaN
MyVoteSys <α=0.50, β=0.33, γ=0.66, MaxEntropy>              2.0              0.0              0.0           NaN
MyVoteSys <α=0.66, β=____, γ=____, Last>                    2.0              0.0              0.0           NaN
MyVoteSys <α=0.80, β=____, γ=____, MaxEntropy>              2.0              0.0              0.0           NaN
MyVoteSys <α=0.50, β=____, γ=0.80, First>                   2.0              0.0              0.0           NaN
MyVoteSys <α=0.80, β=0.33, γ=____, Last>                    2.0              0.0              0.0           NaN
MyVoteSys <α=0.50, β=____, γ=0.80, MinVariance>             2.0              0.0              0.0           NaN
SingleTransferableVote                                      2.0              0.0              0.0           NaN
FirstPastThePost (but without tactical voting)              2.0              0.0              0.0           NaN
MyVoteSys <α=0.50, β=0.33, γ=____, First>                   2.0              0.0              0.0           NaN
MyVoteSys <α=0.80, β=0.33, γ=____, MinVariance>             2.0              0.0              0.0           NaN
MyVoteSys <α=0.50, β=0.33, γ=____, MinVariance>             2.0              0.0              0.0           NaN
MyVoteSys <α=0.66, β=0.33, γ=0.80, Last>                    2.0              0.0              0.0           NaN
MyVoteSys <α=0.50, β=0.33, γ=____, MaxEntropy>              2.0              0.0              0.0           NaN
MyVoteSys <α=0.66, β=0.33, γ=0.80, MinEntropy>              2.0              0.0              0.0           NaN
MyVoteSys <α=0.50, β=0.33, γ=0.80, Last>                    2.0              0.0              0.0           NaN
MyVoteSys <α=0.66, β=____, γ=____, First>                   2.0              0.0              0.0           NaN
MyVoteSys <α=0.50, β=0.33, γ=0.80, MaxVariance>             2.0              0.0              0.0           NaN
MyVoteSys <α=0.80, β=____, γ=____, MinVariance>             2.0              0.0              0.0           NaN
MyVoteSys <α=0.66, β=0.33, γ=0.80, MinVariance>             2.0              0.0              0.0           NaN

