
===== Last Election voting process ======

Stamp Counts Table:
Candidates  1756  2860  NullCandidate  1763  2152  2699  1753  1964  924  1224  1299  1667  2444  2995  2066  2458  122  2102  1519  2970
Stage                                                                                                                                    
0            214   335              0   132    28     3     1    21   12     3     0     0     0     0     0     1    0     0     0     0
1            254   111              0   143   115    25    22    20    9    48     0     0     0     0     0     3    0     0     0     0
2            145    81              0    82   102   119    53    32   24    89     1     0     3     7     0     2    9     0     1     0
3             60    72              0   108   141   100    34    56   32    79     2     0    21     5     0    19   13     0     2     6
4             55    53              1    81   120   104    51    46   30   102    10     0    44     8     0     9   20     0     5    11
5             20    41              5    50    95   124    69    44   59    95    29     0    62     6     1    21   10     2     8     9
6              2    24             24    43    42    72    74    53   48    79    84     1    69    15    19    35   23     5    15    23
7              0    16             78    32    29    56    67    61   48    44    81     6    49    22    49    44   23     6    25    14
8              0     8            135    27    21    22    47    58   49    46    71    16    50    37    34    43   20    18    14    34
9              0     5            193    13    24    31    46    35   41    45    43     9    40    40    47    45   21    16    25    31
10             0     3            155     9     8    26    62    53   44    31    62    25    59    37    36    37   32    29    20    22
11             0     0             87    12     7    18    64    37   56    22    43    36    57    53    54    59   43    33    39    30
12             0     1             50    10     9    19    42    38   30    21    49    65    61    76    66    53   46    38    40    36
13             0     0             20     5     3    20    29    54   36    16    25    87    47    96    61    46   52    56    48    49
14             0     0              2     1     1     1    15    57   45    11    41   116    49    67    78    47   41    59    72    47
15             0     0              0     2     1     6    29    34   61     9    41    99    46    64    55    60   44    69    84    46
16             0     0              0     0     4     4    23    15   61     3    81   113    42    44    53    43   57    85    70    52
17             0     0              0     0     0     0    18    21   40     5    47   121    30    57    62    62   64    88    81    54
18             0     0              0     0     0     0     4    15   25     1    33    48    10    60    67    49  139   136    67    96
19             0     0              0     0     0     0     0     0    0     1     7     8    11    56    68    72   93   110   134   190

Processed Vote Counts Table:
Candidates  1756  2860  NullCandidate  1763  2152  2699  1753  1964  924  1224  1299  1667  2444  2995  2066  2458  122  2102  1519  2970
Stage                                                                                                                                    
0            214   335              0   132    28     3     1    21   12     3     0     0     0     0     0     1    0     0     0     0
1            468   446              0   275   143    28    23    41   21    51     0     0     0     0     0     4    0     0     0     0
2            613   527              0   357   245   147    76    73   45   140     1     0     3     7     0     6    9     0     1     0
3            673   599              0   465   386   247   110   129   77   219     3     0    24    12     0    25   22     0     3     6
4            728   652              1   546   506   351   161   175  107   321    13     0    68    20     0    34   42     0     8    17
5            748   693              6   596   601   475   230   219  166   416    42     0   130    26     1    55   52     2    16    26
6            750   717             30   639   643   547   304   272  214   495   126     1   199    41    20    90   75     7    31    49
7            750   733            108   671   672   603   371   333  262   539   207     7   248    63    69   134   98    13    56    63
8            750   741            243   698   693   625   418   391  311   585   278    23   298   100   103   177  118    31    70    97
9            750   746            436   711   717   656   464   426  352   630   321    32   338   140   150   222  139    47    95   128
10           750   749            591   720   725   682   526   479  396   661   383    57   397   177   186   259  171    76   115   150
11           750   749            678   732   732   700   590   516  452   683   426    93   454   230   240   318  214   109   154   180
12           750   750            728   742   741   719   632   554  482   704   475   158   515   306   306   371  260   147   194   216
13           750   750            748   747   744   739   661   608  518   720   500   245   562   402   367   417  312   203   242   265
14           750   750            750   748   745   740   676   665  563   731   541   361   611   469   445   464  353   262   314   312
15           750   750            750   750   746   746   705   699  624   740   582   460   657   533   500   524  397   331   398   358
16           750   750            750   750   750   750   728   714  685   743   663   573   699   577   553   567  454   416   468   410
17           750   750            750   750   750   750   746   735  725   748   710   694   729   634   615   629  518   504   549   464
18           750   750            750   750   750   750   750   750  750   749   743   742   739   694   682   678  657   640   616   560
19           750   750            750   750   750   750   750   750  750   750   750   750   750   750   750   750  750   750   750   750

Score(%) of Candidates Table:
Candidates        1756        2860  NullCandidate        1763        2152        2699        1753        1964         924        1224        1299        1667        2444        2995        2066        2458         122        2102        1519        2970
Stage                                                                                                                                                                                                                                                        
0            28.533333   44.666667       0.000000   17.600000    3.733333    0.400000    0.133333    2.800000    1.600000    0.400000    0.000000    0.000000    0.000000    0.000000    0.000000    0.133333    0.000000    0.000000    0.000000    0.000000
1            62.400000   59.466667       0.000000   36.666667   19.066667    3.733333    3.066667    5.466667    2.800000    6.800000    0.000000    0.000000    0.000000    0.000000    0.000000    0.533333    0.000000    0.000000    0.000000    0.000000
2            81.733333   70.266667       0.000000   47.600000   32.666667   19.600000   10.133333    9.733333    6.000000   18.666667    0.133333    0.000000    0.400000    0.933333    0.000000    0.800000    1.200000    0.000000    0.133333    0.000000
3            89.733333   79.866667       0.000000   62.000000   51.466667   32.933333   14.666667   17.200000   10.266667   29.200000    0.400000    0.000000    3.200000    1.600000    0.000000    3.333333    2.933333    0.000000    0.400000    0.800000
4            97.066667   86.933333       0.133333   72.800000   67.466667   46.800000   21.466667   23.333333   14.266667   42.800000    1.733333    0.000000    9.066667    2.666667    0.000000    4.533333    5.600000    0.000000    1.066667    2.266667
5            99.733333   92.400000       0.800000   79.466667   80.133333   63.333333   30.666667   29.200000   22.133333   55.466667    5.600000    0.000000   17.333333    3.466667    0.133333    7.333333    6.933333    0.266667    2.133333    3.466667
6           100.000000   95.600000       4.000000   85.200000   85.733333   72.933333   40.533333   36.266667   28.533333   66.000000   16.800000    0.133333   26.533333    5.466667    2.666667   12.000000   10.000000    0.933333    4.133333    6.533333
7           100.000000   97.733333      14.400000   89.466667   89.600000   80.400000   49.466667   44.400000   34.933333   71.866667   27.600000    0.933333   33.066667    8.400000    9.200000   17.866667   13.066667    1.733333    7.466667    8.400000
8           100.000000   98.800000      32.400000   93.066667   92.400000   83.333333   55.733333   52.133333   41.466667   78.000000   37.066667    3.066667   39.733333   13.333333   13.733333   23.600000   15.733333    4.133333    9.333333   12.933333
9           100.000000   99.466667      58.133333   94.800000   95.600000   87.466667   61.866667   56.800000   46.933333   84.000000   42.800000    4.266667   45.066667   18.666667   20.000000   29.600000   18.533333    6.266667   12.666667   17.066667
10          100.000000   99.866667      78.800000   96.000000   96.666667   90.933333   70.133333   63.866667   52.800000   88.133333   51.066667    7.600000   52.933333   23.600000   24.800000   34.533333   22.800000   10.133333   15.333333   20.000000
11          100.000000   99.866667      90.400000   97.600000   97.600000   93.333333   78.666667   68.800000   60.266667   91.066667   56.800000   12.400000   60.533333   30.666667   32.000000   42.400000   28.533333   14.533333   20.533333   24.000000
12          100.000000  100.000000      97.066667   98.933333   98.800000   95.866667   84.266667   73.866667   64.266667   93.866667   63.333333   21.066667   68.666667   40.800000   40.800000   49.466667   34.666667   19.600000   25.866667   28.800000
13          100.000000  100.000000      99.733333   99.600000   99.200000   98.533333   88.133333   81.066667   69.066667   96.000000   66.666667   32.666667   74.933333   53.600000   48.933333   55.600000   41.600000   27.066667   32.266667   35.333333
14          100.000000  100.000000     100.000000   99.733333   99.333333   98.666667   90.133333   88.666667   75.066667   97.466667   72.133333   48.133333   81.466667   62.533333   59.333333   61.866667   47.066667   34.933333   41.866667   41.600000
15          100.000000  100.000000     100.000000  100.000000   99.466667   99.466667   94.000000   93.200000   83.200000   98.666667   77.600000   61.333333   87.600000   71.066667   66.666667   69.866667   52.933333   44.133333   53.066667   47.733333
16          100.000000  100.000000     100.000000  100.000000  100.000000  100.000000   97.066667   95.200000   91.333333   99.066667   88.400000   76.400000   93.200000   76.933333   73.733333   75.600000   60.533333   55.466667   62.400000   54.666667
17          100.000000  100.000000     100.000000  100.000000  100.000000  100.000000   99.466667   98.000000   96.666667   99.733333   94.666667   92.533333   97.200000   84.533333   82.000000   83.866667   69.066667   67.200000   73.200000   61.866667
18          100.000000  100.000000     100.000000  100.000000  100.000000  100.000000  100.000000  100.000000  100.000000   99.866667   99.066667   98.933333   98.533333   92.533333   90.933333   90.400000   87.600000   85.333333   82.133333   74.666667
19          100.000000  100.000000     100.000000  100.000000  100.000000  100.000000  100.000000  100.000000  100.000000  100.000000  100.000000  100.000000  100.000000  100.000000  100.000000  100.000000  100.000000  100.000000  100.000000  100.000000

                                                        winner  winStage                                                      validStages
algorithm                                                                                                                                
InstantRunoffVoting                                       2860       NaN                                                              NaN
SingleTransferableVote                                    2860       NaN                                                              NaN
PreferentialBlockVoting                                   2860       NaN                                                              NaN
FirstPastThePost (but without tactical voting)            2860       NaN                                                              NaN
MyVoteSys <α=0.50, β=____, γ=____, First>                 1756       1.0  [1, 2, 3, 4, 5, 6, 7, 8, 9, 10, 11, 12, 13, 14, 15, 16, 17, 18]
MyVoteSys <α=0.50, β=____, γ=____, Last>                  1756      18.0  [1, 2, 3, 4, 5, 6, 7, 8, 9, 10, 11, 12, 13, 14, 15, 16, 17, 18]
MyVoteSys <α=0.50, β=____, γ=____, MinEntropy>            1756       1.0  [1, 2, 3, 4, 5, 6, 7, 8, 9, 10, 11, 12, 13, 14, 15, 16, 17, 18]
MyVoteSys <α=0.50, β=____, γ=____, MaxEntropy>            1756      18.0  [1, 2, 3, 4, 5, 6, 7, 8, 9, 10, 11, 12, 13, 14, 15, 16, 17, 18]
MyVoteSys <α=0.50, β=____, γ=____, MinVariance>           1756       6.0  [1, 2, 3, 4, 5, 6, 7, 8, 9, 10, 11, 12, 13, 14, 15, 16, 17, 18]
MyVoteSys <α=0.50, β=____, γ=____, MaxVariance>           1756      18.0  [1, 2, 3, 4, 5, 6, 7, 8, 9, 10, 11, 12, 13, 14, 15, 16, 17, 18]
MyVoteSys <α=0.50, β=____, γ=____, MaxStDev>              1756      18.0  [1, 2, 3, 4, 5, 6, 7, 8, 9, 10, 11, 12, 13, 14, 15, 16, 17, 18]
MyVoteSys <α=0.50, β=____, γ=0.66, First>                 1756       1.0                                                           [1, 2]
MyVoteSys <α=0.50, β=____, γ=0.66, Last>                  1756       2.0                                                           [1, 2]
MyVoteSys <α=0.50, β=____, γ=0.66, MinEntropy>            1756       1.0                                                           [1, 2]
MyVoteSys <α=0.50, β=____, γ=0.66, MaxEntropy>            1756       2.0                                                           [1, 2]
MyVoteSys <α=0.50, β=____, γ=0.66, MinVariance>           1756       2.0                                                           [1, 2]
MyVoteSys <α=0.50, β=____, γ=0.66, MaxVariance>           1756       1.0                                                           [1, 2]
MyVoteSys <α=0.50, β=____, γ=0.66, MaxStDev>              1756       1.0                                                           [1, 2]
MyVoteSys <α=0.50, β=____, γ=0.80, First>                 1756       1.0                                                           [1, 2]
MyVoteSys <α=0.50, β=____, γ=0.80, Last>                  1756       2.0                                                           [1, 2]
MyVoteSys <α=0.50, β=____, γ=0.80, MinEntropy>            1756       1.0                                                           [1, 2]
MyVoteSys <α=0.50, β=____, γ=0.80, MaxEntropy>            1756       2.0                                                           [1, 2]
MyVoteSys <α=0.50, β=____, γ=0.80, MinVariance>           1756       2.0                                                           [1, 2]
MyVoteSys <α=0.50, β=____, γ=0.80, MaxVariance>           1756       1.0                                                           [1, 2]
MyVoteSys <α=0.50, β=____, γ=0.80, MaxStDev>              1756       1.0                                                           [1, 2]
MyVoteSys <α=0.50, β=0.33, γ=____, First>                 1756       1.0                                         [1, 2, 3, 4, 5, 6, 7, 8]
MyVoteSys <α=0.50, β=0.33, γ=____, Last>                  1756       8.0                                         [1, 2, 3, 4, 5, 6, 7, 8]
MyVoteSys <α=0.50, β=0.33, γ=____, MinEntropy>            1756       1.0                                         [1, 2, 3, 4, 5, 6, 7, 8]
MyVoteSys <α=0.50, β=0.33, γ=____, MaxEntropy>            1756       8.0                                         [1, 2, 3, 4, 5, 6, 7, 8]
MyVoteSys <α=0.50, β=0.33, γ=____, MinVariance>           1756       6.0                                         [1, 2, 3, 4, 5, 6, 7, 8]
MyVoteSys <α=0.50, β=0.33, γ=____, MaxVariance>           1756       1.0                                         [1, 2, 3, 4, 5, 6, 7, 8]
MyVoteSys <α=0.50, β=0.33, γ=____, MaxStDev>              1756       1.0                                         [1, 2, 3, 4, 5, 6, 7, 8]
MyVoteSys <α=0.50, β=0.33, γ=0.66, First>                 1756       1.0                                                           [1, 2]
MyVoteSys <α=0.50, β=0.33, γ=0.66, Last>                  1756       2.0                                                           [1, 2]
MyVoteSys <α=0.50, β=0.33, γ=0.66, MinEntropy>            1756       1.0                                                           [1, 2]
MyVoteSys <α=0.50, β=0.33, γ=0.66, MaxEntropy>            1756       2.0                                                           [1, 2]
MyVoteSys <α=0.50, β=0.33, γ=0.66, MinVariance>           1756       2.0                                                           [1, 2]
MyVoteSys <α=0.50, β=0.33, γ=0.66, MaxVariance>           1756       1.0                                                           [1, 2]
MyVoteSys <α=0.50, β=0.33, γ=0.66, MaxStDev>              1756       1.0                                                           [1, 2]
MyVoteSys <α=0.50, β=0.33, γ=0.80, First>                 1756       1.0                                                           [1, 2]
MyVoteSys <α=0.50, β=0.33, γ=0.80, Last>                  1756       2.0                                                           [1, 2]
MyVoteSys <α=0.50, β=0.33, γ=0.80, MinEntropy>            1756       1.0                                                           [1, 2]
MyVoteSys <α=0.50, β=0.33, γ=0.80, MaxEntropy>            1756       2.0                                                           [1, 2]
MyVoteSys <α=0.50, β=0.33, γ=0.80, MinVariance>           1756       2.0                                                           [1, 2]
MyVoteSys <α=0.50, β=0.33, γ=0.80, MaxVariance>           1756       1.0                                                           [1, 2]
MyVoteSys <α=0.50, β=0.33, γ=0.80, MaxStDev>              1756       1.0                                                           [1, 2]
MyVoteSys <α=0.66, β=____, γ=____, First>                 1756       2.0     [2, 3, 4, 5, 6, 7, 8, 9, 10, 11, 12, 13, 14, 15, 16, 17, 18]
MyVoteSys <α=0.66, β=____, γ=____, Last>                  1756      18.0     [2, 3, 4, 5, 6, 7, 8, 9, 10, 11, 12, 13, 14, 15, 16, 17, 18]
MyVoteSys <α=0.66, β=____, γ=____, MinEntropy>            1756       2.0     [2, 3, 4, 5, 6, 7, 8, 9, 10, 11, 12, 13, 14, 15, 16, 17, 18]
MyVoteSys <α=0.66, β=____, γ=____, MaxEntropy>            1756      18.0     [2, 3, 4, 5, 6, 7, 8, 9, 10, 11, 12, 13, 14, 15, 16, 17, 18]
MyVoteSys <α=0.66, β=____, γ=____, MinVariance>           1756       6.0     [2, 3, 4, 5, 6, 7, 8, 9, 10, 11, 12, 13, 14, 15, 16, 17, 18]
MyVoteSys <α=0.66, β=____, γ=____, MaxVariance>           1756      18.0     [2, 3, 4, 5, 6, 7, 8, 9, 10, 11, 12, 13, 14, 15, 16, 17, 18]
MyVoteSys <α=0.66, β=____, γ=____, MaxStDev>              1756      18.0     [2, 3, 4, 5, 6, 7, 8, 9, 10, 11, 12, 13, 14, 15, 16, 17, 18]
MyVoteSys <α=0.66, β=____, γ=0.80, First>                 1756       2.0                                                              [2]
MyVoteSys <α=0.66, β=____, γ=0.80, Last>                  1756       2.0                                                              [2]
MyVoteSys <α=0.66, β=____, γ=0.80, MinEntropy>            1756       2.0                                                              [2]
MyVoteSys <α=0.66, β=____, γ=0.80, MaxEntropy>            1756       2.0                                                              [2]
MyVoteSys <α=0.66, β=____, γ=0.80, MinVariance>           1756       2.0                                                              [2]
MyVoteSys <α=0.66, β=____, γ=0.80, MaxVariance>           1756       2.0                                                              [2]
MyVoteSys <α=0.66, β=____, γ=0.80, MaxStDev>              1756       2.0                                                              [2]
MyVoteSys <α=0.66, β=0.33, γ=____, First>                 1756       2.0                                            [2, 3, 4, 5, 6, 7, 8]
MyVoteSys <α=0.66, β=0.33, γ=____, Last>                  1756       8.0                                            [2, 3, 4, 5, 6, 7, 8]
MyVoteSys <α=0.66, β=0.33, γ=____, MinEntropy>            1756       2.0                                            [2, 3, 4, 5, 6, 7, 8]
MyVoteSys <α=0.66, β=0.33, γ=____, MaxEntropy>            1756       8.0                                            [2, 3, 4, 5, 6, 7, 8]
MyVoteSys <α=0.66, β=0.33, γ=____, MinVariance>           1756       6.0                                            [2, 3, 4, 5, 6, 7, 8]
MyVoteSys <α=0.66, β=0.33, γ=____, MaxVariance>           1756       2.0                                            [2, 3, 4, 5, 6, 7, 8]
MyVoteSys <α=0.66, β=0.33, γ=____, MaxStDev>              1756       2.0                                            [2, 3, 4, 5, 6, 7, 8]
MyVoteSys <α=0.66, β=0.33, γ=0.80, First>                 1756       2.0                                                              [2]
MyVoteSys <α=0.66, β=0.33, γ=0.80, Last>                  1756       2.0                                                              [2]
MyVoteSys <α=0.66, β=0.33, γ=0.80, MinEntropy>            1756       2.0                                                              [2]
MyVoteSys <α=0.66, β=0.33, γ=0.80, MaxEntropy>            1756       2.0                                                              [2]
MyVoteSys <α=0.66, β=0.33, γ=0.80, MinVariance>           1756       2.0                                                              [2]
MyVoteSys <α=0.66, β=0.33, γ=0.80, MaxVariance>           1756       2.0                                                              [2]
MyVoteSys <α=0.66, β=0.33, γ=0.80, MaxStDev>              1756       2.0                                                              [2]
MyVoteSys <α=0.80, β=____, γ=____, First>                 1756       2.0     [2, 3, 4, 5, 6, 7, 8, 9, 10, 11, 12, 13, 14, 15, 16, 17, 18]
MyVoteSys <α=0.80, β=____, γ=____, Last>                  1756      18.0     [2, 3, 4, 5, 6, 7, 8, 9, 10, 11, 12, 13, 14, 15, 16, 17, 18]
MyVoteSys <α=0.80, β=____, γ=____, MinEntropy>            1756       2.0     [2, 3, 4, 5, 6, 7, 8, 9, 10, 11, 12, 13, 14, 15, 16, 17, 18]
MyVoteSys <α=0.80, β=____, γ=____, MaxEntropy>            1756      18.0     [2, 3, 4, 5, 6, 7, 8, 9, 10, 11, 12, 13, 14, 15, 16, 17, 18]
MyVoteSys <α=0.80, β=____, γ=____, MinVariance>           1756       6.0     [2, 3, 4, 5, 6, 7, 8, 9, 10, 11, 12, 13, 14, 15, 16, 17, 18]
MyVoteSys <α=0.80, β=____, γ=____, MaxVariance>           1756      18.0     [2, 3, 4, 5, 6, 7, 8, 9, 10, 11, 12, 13, 14, 15, 16, 17, 18]
MyVoteSys <α=0.80, β=____, γ=____, MaxStDev>              1756      18.0     [2, 3, 4, 5, 6, 7, 8, 9, 10, 11, 12, 13, 14, 15, 16, 17, 18]
MyVoteSys <α=0.80, β=0.33, γ=____, First>                 1756       2.0                                            [2, 3, 4, 5, 6, 7, 8]
MyVoteSys <α=0.80, β=0.33, γ=____, Last>                  1756       8.0                                            [2, 3, 4, 5, 6, 7, 8]
MyVoteSys <α=0.80, β=0.33, γ=____, MinEntropy>            1756       2.0                                            [2, 3, 4, 5, 6, 7, 8]
MyVoteSys <α=0.80, β=0.33, γ=____, MaxEntropy>            1756       8.0                                            [2, 3, 4, 5, 6, 7, 8]
MyVoteSys <α=0.80, β=0.33, γ=____, MinVariance>           1756       6.0                                            [2, 3, 4, 5, 6, 7, 8]
MyVoteSys <α=0.80, β=0.33, γ=____, MaxVariance>           1756       2.0                                            [2, 3, 4, 5, 6, 7, 8]
MyVoteSys <α=0.80, β=0.33, γ=____, MaxStDev>              1756       2.0                                            [2, 3, 4, 5, 6, 7, 8]
MinEntropyWeightedSumWins<α=0>                            2860       NaN                                                              NaN
MinEntropyWeightedSumWins<α=0.5>                          2860       NaN                                                              NaN
MinEntropyWeightedSumWins2<α=0>                           2860       NaN                                                              NaN
MinEntropyWeightedSumWins2<α=0.5>                         2860       NaN                                                              NaN
MaxVarianceWeightedSumWins<α=0>                           1756       NaN                                                              NaN
MaxVarianceWeightedSumWins<α=0.5>                         1756       NaN                                                              NaN
MaxStandardDeviationWeightedSumWins<α=0>                  1756       NaN                                                              NaN
MaxStandardDeviationWeightedSumWins<α=0.5>                1756       NaN                                                              NaN
MinEntropyProportionalWeightedSumWins<α=0>                2860       NaN                                                              NaN
MinEntropyProportionalWeightedSumWins<α=0.5>              2860       NaN                                                              NaN
MinEntropyProportionalWeightedSumWins2<α=0>               2860       NaN                                                              NaN
MinEntropyProportionalWeightedSumWins2<α=0.5>             2860       NaN                                                              NaN
MaxVarianceProportionalWeightedSumWins<α=0>               1756       NaN                                                              NaN
MaxVarianceProportionalWeightedSumWins<α=0.5>             1756       NaN                                                              NaN
MaxStandardDeviationProportionalWeightedSumWins<α=0>      1756       NaN                                                              NaN
MaxStandardDeviationProportionalWeightedSumWins<α=0.5>    1756       NaN                                                              NaN
bestVoter (Dictatorship)                                  2860       NaN                                                              NaN
crowd-Mean                                                2860       NaN                                                              NaN
crowd-Median                                              2860       NaN                                                              NaN 

Last Election Candidates:
                        y
Candidates               
2102          -217.505933
2066          -171.150265
2970          -163.692619
1667          -158.389794
122           -152.497644
1519          -135.605149
2995           -84.121239
2458           -65.565767
1299           -53.659933
2444           -44.651689
924            -33.916069
NullCandidate   -3.467414
1753            50.980238
1224            59.625592
1964            70.985708
2699            97.135131
2152           131.152538
1763           151.918093
1756           266.116862
2860           269.381647

Voters Validation Mean Squared Error:
[8361.7, 10558.85, 10498.44, 10038.75, 10293.12, 8879.98, 9912.16, 9575.6, 11557.56, 9349.56, 8129.6, 10254.31, 9945.07, 10875.67, 10094.71, 11648.92, 10492.1, 10480.13, 8724.9, 9437.47, 8482.78, 8883.77, 8129.55, 9546.1, 9605.5, 8563.5, 9720.63, 9246.61, 9349.75, 9441.55, 9758.51, 8601.14, 11224.75, 9643.28, 8252.29, 9184.23, 8431.43, 12133.08, 10552.48, 9530.11, 8659.31, 8847.89, 9972.88, 9949.81, 8531.38, 9417.5, 8036.56, 9115.32, 11305.98, 8471.47, 10508.5, 11425.95, 9985.14, 9018.43, 9390.17, 7606.18, 9852.58, 8463.87, 8993.8, 10078.44, 8723.78, 9389.3, 7944.77, 8751.65, 10259.49, 9457.76, 10178.16, 9177.92, 9191.46, 10062.48, 10010.19, 9306.56, 10568.6, 9103.98, 10091.24, 9077.32, 8916.04, 9733.24, 10786.0, 8778.57, 10411.75, 10436.81, 10435.33, 9790.96, 9701.05, 9273.58, 10465.61, 9344.64, 9757.15, 9309.31, 9383.81, 9927.24, 10634.95, 8911.63, 9618.54, 9263.42, 9386.09, 9638.36, 9461.8, 11248.96, 11028.97, 9520.05, 11264.88, 11622.58, 10062.85, 9491.92, 10946.92, 9536.3, 8358.95, 8765.6, 9939.86, 10659.94, 9910.34, 10127.18, 9847.85, 8492.12, 10663.88, 9598.35, 10989.92, 9990.91, 9917.54, 9476.38, 10037.45, 10388.97, 11544.68, 9946.78, 11016.59, 10190.78, 10218.49, 9016.19, 10280.1, 8713.01, 9288.65, 9535.34, 10040.71, 9638.43, 9349.22, 8354.42, 10645.66, 10926.88, 10835.26, 8762.63, 10811.98, 10184.27, 8356.01, 8434.34, 10613.76, 8354.01, 8797.57, 11365.18, 10462.4, 9951.65, 10085.09, 8155.45, 9251.11, 9082.0, 8894.14, 9542.47, 8784.41, 9760.72, 9404.82, 7769.22, 10287.83, 10023.41, 10708.05, 8608.87, 9598.59, 9151.86, 9865.33, 9220.48, 9152.34, 9278.58, 10166.63, 10267.96, 9172.3, 11547.08, 9484.78, 8857.9, 8814.01, 8786.96, 9315.84, 10028.79, 8263.59, 9548.39, 11142.71, 10475.45, 9813.55, 10560.75, 9692.97, 10924.06, 9426.62, 9413.06, 9278.0, 10148.01, 10239.58, 11657.21, 8818.38, 8988.93, 10812.51, 9978.57, 7640.2, 9375.51, 8919.41, 8997.94, 9405.9, 11750.12, 10472.6, 8956.74, 11420.64, 9657.9, 9288.97, 10326.28, 10578.81, 9823.25, 9638.46, 10814.53, 9698.88, 10842.24, 9700.62, 10239.32, 9920.24, 9067.99, 9997.54, 9191.31, 9407.86, 10937.95, 9331.05, 9219.28, 10730.43, 9973.26, 10005.34, 8699.62, 11319.57, 9953.74, 10117.01, 7924.64, 10436.37, 7840.14, 8549.08, 9339.87, 8774.94, 9771.44, 10207.51, 9429.8, 8991.12, 9106.45, 9167.48, 10325.13, 8740.88, 8849.08, 10459.63, 9020.62, 9563.56, 9948.01, 7813.36, 9086.57, 9551.96, 9660.94, 10324.62, 8965.38, 10705.67, 8321.13, 8821.35, 8798.24, 9242.59, 9988.44, 10412.03, 9461.12, 10034.67, 8212.57, 9253.1, 8462.24, 8851.1, 10313.49, 9429.75, 10419.95, 9924.54, 8678.47, 9559.44, 9670.23, 9659.71, 8126.24, 9285.52, 10865.15, 9286.99, 9641.32, 10198.08, 9579.27, 10717.97, 9256.04, 10292.44, 10570.58, 9305.82, 9663.09, 10304.74, 10340.62, 9223.97, 10109.84, 9090.04, 9209.58, 10620.16, 10144.74, 10869.36, 10356.53, 11440.66, 8221.36, 10813.39, 9061.91, 9072.46, 9277.95, 10955.19, 9991.32, 11487.66, 10960.86, 9413.45, 8587.56, 9895.99, 10367.02, 9166.89, 9722.36, 9537.51, 9414.64, 9098.22, 11614.83, 10060.14, 9917.92, 9698.88, 9650.02, 9551.13, 10204.09, 9397.79, 8787.11, 8472.17, 10539.55, 9415.73, 10447.02, 9542.34, 10014.93, 9657.3, 9902.76, 8771.28, 9105.66, 9124.41, 10872.93, 8812.32, 9757.69, 10227.75, 9766.96, 9462.76, 10095.04, 8416.15, 9406.84, 8985.33, 11168.34, 10414.35, 8914.0, 10658.34, 10550.33, 9562.47, 10625.46, 9654.44, 9761.73, 10454.34, 9961.86, 10835.42, 10431.38, 10763.86, 8775.67, 9336.89, 8352.5, 8307.49, 9714.15, 9758.59, 10624.32, 10448.6, 9569.0, 8991.13, 9947.22, 10381.92, 8758.63, 9503.26, 9535.64, 10823.47, 8747.48, 9346.93, 9181.46, 10195.01, 9245.38, 8859.68, 9610.62, 7790.39, 9429.27, 9096.89, 9451.02, 9205.12, 9879.27, 9470.54, 10376.08, 8515.76, 10711.24, 10862.97, 11290.41, 9530.12, 9334.99, 9111.61, 10330.58, 8985.67, 7901.91, 9740.83, 10513.89, 8841.5, 10951.25, 10379.42, 9296.29, 9019.75, 9508.76, 8427.47, 10327.95, 9329.86, 9425.85, 10338.25, 9986.74, 11470.32, 9165.7, 9976.77, 9602.78, 9828.6, 9355.89, 8100.17, 9587.04, 9185.0, 10258.64, 9796.96, 9055.94, 10488.78, 7916.14, 9313.39, 11502.02, 10787.13, 11018.04, 9309.6, 9497.9, 11243.28, 9468.43, 10075.01, 9330.97, 9939.74, 8945.05, 10176.7, 10186.7, 9636.4, 9437.72, 9251.02, 10769.42, 8939.06, 10115.86, 9093.95, 8997.01, 8214.47, 8616.62, 9937.41, 9386.61, 8185.02, 11785.05, 9320.75, 9504.17, 7994.37, 9840.07, 9733.27, 9873.85, 9205.26, 9469.55, 9129.2, 10293.14, 10665.36, 8899.51, 11237.05, 9662.16, 11841.02, 10448.26, 8768.07, 9752.08, 8660.05, 10691.67, 12600.62, 8873.38, 11281.95, 9945.55, 9426.57, 9192.84, 8801.18, 10068.6, 9443.3, 8082.05, 7692.59, 10528.41, 9150.08, 10181.95, 10165.83, 10485.56, 10629.2, 9744.99, 10015.44, 10251.95, 10477.4, 8155.72, 10685.24, 9221.52, 9223.52, 8865.1, 9028.57, 9527.42, 9541.33, 8209.14, 10250.67, 9038.57, 9277.36, 9394.47, 8301.24, 7748.12, 8686.85, 10136.14, 8887.85, 10909.59, 10500.95, 7431.77, 10542.41, 8717.26, 8626.89, 10284.35, 10390.79, 8380.7, 9326.34, 9350.98, 8813.2, 9347.13, 10999.37, 10777.47, 8858.27, 10382.89, 7992.85, 9978.92, 9444.42, 10673.98, 10762.43, 10992.61, 10957.84, 8376.05, 10687.83, 9697.0, 8263.69, 8019.64, 9813.01, 8783.98, 9735.68, 10306.92, 10203.16, 10506.82, 9348.02, 8790.37, 11373.05, 10106.43, 9585.73, 10360.28, 10349.65, 10457.6, 8820.07, 8436.63, 8528.93, 9640.08, 10554.73, 9528.98, 9542.52, 10234.67, 8424.58, 9681.9, 7147.88, 9725.51, 10321.26, 9875.44, 9967.86, 10316.48, 9227.34, 9158.13, 10035.82, 9204.17, 9014.99, 10121.58, 9202.89, 8860.16, 7662.83, 9182.62, 11130.81, 9518.32, 8927.12, 9518.84, 9262.13, 10013.81, 9789.17, 9431.29, 11136.29, 9614.56, 10278.41, 10271.51, 8535.51, 10405.04, 9396.22, 9855.49, 9458.86, 8573.65, 10008.95, 10646.83, 9496.5, 9145.56, 9873.11, 8777.21, 9473.7, 8091.19, 10667.98, 10575.0, 9239.21, 9910.8, 9178.54, 8796.69, 8894.97, 10533.61, 7721.47, 10436.89, 10250.59, 10097.29, 8630.77, 9011.96, 10446.11, 9408.22, 10174.94, 8834.72, 8429.24, 9825.02, 9426.07, 8745.68, 9185.29, 9051.23, 8818.51, 8247.55, 10927.53, 9360.12, 9076.3, 8524.07, 9086.34, 9703.15, 10256.49, 9728.04, 9254.13, 10619.37, 9038.74, 9840.07, 9449.99, 9521.19, 10085.02, 9619.35, 9226.63, 9947.62, 8617.12, 9472.69, 10155.8, 9872.94, 9953.68, 8961.05, 9650.52, 11462.09, 12144.46, 8710.09, 9213.89, 9632.17, 8617.69, 8890.55, 10503.4, 9371.97, 11329.56, 8104.88, 9296.1, 10798.28, 10263.78, 10850.19, 10411.92, 10117.29, 9262.31, 11100.25, 10140.43, 9630.75, 9928.38, 9353.9, 10236.33, 8554.43, 9671.91, 9312.94, 10592.08, 10057.98, 11509.93, 9802.29, 10600.52, 10182.05, 9997.85, 9280.82, 9468.36, 10437.73, 9921.11, 10276.68, 10931.55, 9510.09, 8144.96, 10038.66, 9256.9, 10718.85, 8540.26, 10724.91, 8008.71, 9794.18, 10054.99, 8790.31, 10578.98, 10242.16, 8248.9, 9922.2, 9039.67, 9348.87, 8838.08, 11244.01, 8874.75, 10046.27, 11391.84, 8323.45, 9905.2, 10527.24, 9288.3, 8730.28, 9873.85, 10597.68, 10167.0, 9235.6, 10145.46, 10157.12, 7897.07, 10531.28, 9029.96, 10996.29, 8390.29, 9335.77, 8362.51, 8712.19]

Voters Validation Mean Error:
[91.44, 102.76, 102.46, 100.19, 101.46, 94.23, 99.56, 97.86, 107.51, 96.69, 90.16, 101.26, 99.72, 104.29, 100.47, 107.93, 102.43, 102.37, 93.41, 97.15, 92.1, 94.25, 90.16, 97.7, 98.01, 92.54, 98.59, 96.16, 96.69, 97.17, 98.79, 92.74, 105.95, 98.2, 90.84, 95.83, 91.82, 110.15, 102.73, 97.62, 93.06, 94.06, 99.86, 99.75, 92.37, 97.04, 89.65, 95.47, 106.33, 92.04, 102.51, 106.89, 99.93, 94.97, 96.9, 87.21, 99.26, 92.0, 94.84, 100.39, 93.4, 96.9, 89.13, 93.55, 101.29, 97.25, 100.89, 95.8, 95.87, 100.31, 100.05, 96.47, 102.8, 95.41, 100.46, 95.27, 94.42, 98.66, 103.86, 93.69, 102.04, 102.16, 102.15, 98.95, 98.49, 96.3, 102.3, 96.67, 98.78, 96.48, 96.87, 99.64, 103.13, 94.4, 98.07, 96.25, 96.88, 98.18, 97.27, 106.06, 105.02, 97.57, 106.14, 107.81, 100.31, 97.43, 104.63, 97.65, 91.43, 93.62, 99.7, 103.25, 99.55, 100.63, 99.24, 92.15, 103.27, 97.97, 104.83, 99.95, 99.59, 97.35, 100.19, 101.93, 107.45, 99.73, 104.96, 100.95, 101.09, 94.95, 101.39, 93.34, 96.38, 97.65, 100.2, 98.18, 96.69, 91.4, 103.18, 104.53, 104.09, 93.61, 103.98, 100.92, 91.41, 91.84, 103.02, 91.4, 93.8, 106.61, 102.29, 99.76, 100.42, 90.31, 96.18, 95.3, 94.31, 97.69, 93.73, 98.8, 96.98, 88.14, 101.43, 100.12, 103.48, 92.78, 97.97, 95.67, 99.32, 96.02, 95.67, 96.33, 100.83, 101.33, 95.77, 107.46, 97.39, 94.12, 93.88, 93.74, 96.52, 100.14, 90.9, 97.72, 105.56, 102.35, 99.06, 102.77, 98.45, 104.52, 97.09, 97.02, 96.32, 100.74, 101.19, 107.97, 93.91, 94.81, 103.98, 99.89, 87.41, 96.83, 94.44, 94.86, 96.98, 108.4, 102.34, 94.64, 106.87, 98.27, 96.38, 101.62, 102.85, 99.11, 98.18, 103.99, 98.48, 104.13, 98.49, 101.19, 99.6, 95.23, 99.99, 95.87, 96.99, 104.58, 96.6, 96.02, 103.59, 99.87, 100.03, 93.27, 106.39, 99.77, 100.58, 89.02, 102.16, 88.54, 92.46, 96.64, 93.67, 98.85, 101.03, 97.11, 94.82, 95.43, 95.75, 101.61, 93.49, 94.07, 102.27, 94.98, 97.79, 99.74, 88.39, 95.32, 97.73, 98.29, 101.61, 94.69, 103.47, 91.22, 93.92, 93.8, 96.14, 99.94, 102.04, 97.27, 100.17, 90.62, 96.19, 91.99, 94.08, 101.56, 97.11, 102.08, 99.62, 93.16, 97.77, 98.34, 98.28, 90.15, 96.36, 104.24, 96.37, 98.19, 100.99, 97.87, 103.53, 96.21, 101.45, 102.81, 96.47, 98.3, 101.51, 101.69, 96.04, 100.55, 95.34, 95.97, 103.05, 100.72, 104.26, 101.77, 106.96, 90.67, 103.99, 95.19, 95.25, 96.32, 104.67, 99.96, 107.18, 104.69, 97.02, 92.67, 99.48, 101.82, 95.74, 98.6, 97.66, 97.03, 95.38, 107.77, 100.3, 99.59, 98.48, 98.23, 97.73, 101.02, 96.94, 93.74, 92.04, 102.66, 97.03, 102.21, 97.68, 100.07, 98.27, 99.51, 93.66, 95.42, 95.52, 104.27, 93.87, 98.78, 101.13, 98.83, 97.28, 100.47, 91.74, 96.99, 94.79, 105.68, 102.05, 94.41, 103.24, 102.71, 97.79, 103.08, 98.26, 98.8, 102.25, 99.81, 104.09, 102.13, 103.75, 93.68, 96.63, 91.39, 91.15, 98.56, 98.79, 103.07, 102.22, 97.82, 94.82, 99.74, 101.89, 93.59, 97.48, 97.65, 104.04, 93.53, 96.68, 95.82, 100.97, 96.15, 94.13, 98.03, 88.26, 97.1, 95.38, 97.22, 95.94, 99.39, 97.32, 101.86, 92.28, 103.5, 104.23, 106.26, 97.62, 96.62, 95.45, 101.64, 94.79, 88.89, 98.7, 102.54, 94.03, 104.65, 101.88, 96.42, 94.97, 97.51, 91.8, 101.63, 96.59, 97.09, 101.68, 99.93, 107.1, 95.74, 99.88, 97.99, 99.14, 96.73, 90.0, 97.91, 95.84, 101.28, 98.98, 95.16, 102.41, 88.97, 96.51, 107.25, 103.86, 104.97, 96.49, 97.46, 106.03, 97.31, 100.37, 96.6, 99.7, 94.58, 100.88, 100.93, 98.17, 97.15, 96.18, 103.78, 94.55, 100.58, 95.36, 94.85, 90.63, 92.83, 99.69, 96.88, 90.47, 108.56, 96.54, 97.49, 89.41, 99.2, 98.66, 99.37, 95.94, 97.31, 95.55, 101.46, 103.27, 94.34, 106.0, 98.3, 108.82, 102.22, 93.64, 98.75, 93.06, 103.4, 112.25, 94.2, 106.22, 99.73, 97.09, 95.88, 93.81, 100.34, 97.18, 89.9, 87.71, 102.61, 95.66, 100.91, 100.83, 102.4, 103.1, 98.72, 100.08, 101.25, 102.36, 90.31, 103.37, 96.03, 96.04, 94.15, 95.02, 97.61, 97.68, 90.6, 101.25, 95.07, 96.32, 96.93, 91.11, 88.02, 93.2, 100.68, 94.28, 104.45, 102.47, 86.21, 102.68, 93.37, 92.88, 101.41, 101.94, 91.55, 96.57, 96.7, 93.88, 96.68, 104.88, 103.81, 94.12, 101.9, 89.4, 99.89, 97.18, 103.31, 103.74, 104.85, 104.68, 91.52, 103.38, 98.47, 90.9, 89.55, 99.06, 93.72, 98.67, 101.52, 101.01, 102.5, 96.69, 93.76, 106.64, 100.53, 97.91, 101.79, 101.73, 102.26, 93.92, 91.85, 92.35, 98.18, 102.74, 97.62, 97.69, 101.17, 91.79, 98.4, 84.55, 98.62, 101.59, 99.38, 99.84, 101.57, 96.06, 95.7, 100.18, 95.94, 94.95, 100.61, 95.93, 94.13, 87.54, 95.83, 105.5, 97.56, 94.48, 97.56, 96.24, 100.07, 98.94, 97.11, 105.53, 98.05, 101.38, 101.35, 92.39, 102.01, 96.93, 99.27, 97.26, 92.59, 100.04, 103.18, 97.45, 95.63, 99.36, 93.69, 97.33, 89.95, 103.29, 102.83, 96.12, 99.55, 95.8, 93.79, 94.31, 102.63, 87.87, 102.16, 101.25, 100.49, 92.9, 94.93, 102.21, 97.0, 100.87, 93.99, 91.81, 99.12, 97.09, 93.52, 95.84, 95.14, 93.91, 90.82, 104.53, 96.75, 95.27, 92.33, 95.32, 98.5, 101.27, 98.63, 96.2, 103.05, 95.07, 99.2, 97.21, 97.58, 100.42, 98.08, 96.06, 99.74, 92.83, 97.33, 100.78, 99.36, 99.77, 94.66, 98.24, 107.06, 110.2, 93.33, 95.99, 98.14, 92.83, 94.29, 102.49, 96.81, 106.44, 90.03, 96.42, 103.91, 101.31, 104.16, 102.04, 100.58, 96.24, 105.36, 100.7, 98.14, 99.64, 96.72, 101.17, 92.49, 98.35, 96.5, 102.92, 100.29, 107.28, 99.01, 102.96, 100.91, 99.99, 96.34, 97.31, 102.17, 99.6, 101.37, 104.55, 97.52, 90.25, 100.19, 96.21, 103.53, 92.41, 103.56, 89.49, 98.97, 100.27, 93.76, 102.85, 101.2, 90.82, 99.61, 95.08, 96.69, 94.01, 106.04, 94.21, 100.23, 106.73, 91.23, 99.52, 102.6, 96.38, 93.44, 99.37, 102.95, 100.83, 96.1, 100.72, 100.78, 88.87, 102.62, 95.03, 104.86, 91.6, 96.62, 91.45, 93.34]

numCandiates : 20
numVoters : 750
numElections : 750
columnBlindness : 5
epochs : 166
trainableLayerCount : 1
crowdBuildMethod : {'name': 'standardDistribution', 'mean': 9500, 'standardDeviation': 1000}
dataSetName : mySynthetic
predictedFeature : y

========= SIMULATION RESULTS ========
Metrics                                                 meanWinnerRank  rateTrueWinners  rateWinner<NULL  val_Mean²Err
Algorithms                                                                                                            
crowd-Mean                                                    1.189333         0.857333         0.000000  21834.503906
crowd-Median                                                  1.189333         0.857333         0.000000  21684.726562
InstantRunoffVoting                                           1.221333         0.834667         0.000000           NaN
MyVoteSys <α=0.50, β=____, γ=____, MinEntropy>                1.225333         0.833333         0.000000           NaN
MyVoteSys <α=0.50, β=0.33, γ=____, MinEntropy>                1.225333         0.833333         0.000000           NaN
MyVoteSys <α=0.50, β=0.33, γ=0.80, MinEntropy>                1.225333         0.833333         0.000000           NaN
MyVoteSys <α=0.50, β=0.33, γ=0.66, MaxStDev>                  1.225333         0.833333         0.000000           NaN
MyVoteSys <α=0.50, β=____, γ=0.80, First>                     1.225333         0.833333         0.000000           NaN
MyVoteSys <α=0.50, β=____, γ=0.66, First>                     1.225333         0.833333         0.000000           NaN
MyVoteSys <α=0.50, β=0.33, γ=0.66, MinEntropy>                1.225333         0.833333         0.000000           NaN
MyVoteSys <α=0.50, β=0.33, γ=0.66, First>                     1.225333         0.833333         0.000000           NaN
MyVoteSys <α=0.50, β=0.33, γ=____, First>                     1.225333         0.833333         0.000000           NaN
MyVoteSys <α=0.50, β=0.33, γ=0.80, MaxVariance>               1.225333         0.833333         0.000000           NaN
MyVoteSys <α=0.50, β=____, γ=0.66, MaxVariance>               1.225333         0.833333         0.000000           NaN
MyVoteSys <α=0.50, β=____, γ=0.66, MaxStDev>                  1.225333         0.833333         0.000000           NaN
MyVoteSys <α=0.50, β=____, γ=0.80, MaxVariance>               1.225333         0.833333         0.000000           NaN
MyVoteSys <α=0.50, β=____, γ=0.66, MinEntropy>                1.225333         0.833333         0.000000           NaN
MyVoteSys <α=0.50, β=0.33, γ=0.80, First>                     1.225333         0.833333         0.000000           NaN
MyVoteSys <α=0.50, β=0.33, γ=0.66, MaxVariance>               1.225333         0.833333         0.000000           NaN
MyVoteSys <α=0.50, β=____, γ=____, First>                     1.225333         0.833333         0.000000           NaN
MyVoteSys <α=0.50, β=0.33, γ=____, MaxStDev>                  1.225333         0.833333         0.000000           NaN
MyVoteSys <α=0.50, β=0.33, γ=0.80, MaxStDev>                  1.225333         0.833333         0.000000           NaN
MyVoteSys <α=0.50, β=____, γ=0.80, MinEntropy>                1.225333         0.833333         0.000000           NaN
MyVoteSys <α=0.50, β=0.33, γ=____, MaxVariance>               1.225333         0.833333         0.000000           NaN
MyVoteSys <α=0.50, β=____, γ=0.80, MaxStDev>                  1.225333         0.833333         0.000000           NaN
PreferentialBlockVoting                                       1.225333         0.832000         0.000000           NaN
SingleTransferableVote                                        1.225333         0.832000         0.000000           NaN
MyVoteSys <α=0.66, β=____, γ=0.80, MinEntropy>                1.236000         0.826667         0.000000           NaN
MyVoteSys <α=0.66, β=____, γ=0.80, MaxVariance>               1.236000         0.826667         0.000000           NaN
MyVoteSys <α=0.66, β=____, γ=0.80, First>                     1.236000         0.826667         0.000000           NaN
MyVoteSys <α=0.66, β=____, γ=____, MinEntropy>                1.236000         0.826667         0.000000           NaN
MyVoteSys <α=0.50, β=____, γ=0.66, Last>                      1.236000         0.826667         0.000000           NaN
MyVoteSys <α=0.66, β=____, γ=____, First>                     1.236000         0.826667         0.000000           NaN
MyVoteSys <α=0.50, β=____, γ=0.66, MaxEntropy>                1.236000         0.826667         0.000000           NaN
MyVoteSys <α=0.66, β=____, γ=0.80, MaxStDev>                  1.236000         0.826667         0.000000           NaN
MyVoteSys <α=0.50, β=____, γ=0.66, MinVariance>               1.236000         0.826667         0.000000           NaN
MyVoteSys <α=0.50, β=0.33, γ=0.66, Last>                      1.238667         0.826667         0.000000           NaN
MyVoteSys <α=0.50, β=0.33, γ=0.66, MaxEntropy>                1.238667         0.826667         0.000000           NaN
MyVoteSys <α=0.50, β=0.33, γ=0.66, MinVariance>               1.238667         0.826667         0.000000           NaN
MyVoteSys <α=0.66, β=0.33, γ=0.80, MaxVariance>               1.250667         0.824000         0.000000           NaN
MyVoteSys <α=0.66, β=0.33, γ=____, MinEntropy>                1.250667         0.824000         0.000000           NaN
MyVoteSys <α=0.66, β=0.33, γ=0.80, First>                     1.250667         0.824000         0.000000           NaN
MyVoteSys <α=0.66, β=0.33, γ=____, MaxVariance>               1.250667         0.824000         0.000000           NaN
MyVoteSys <α=0.66, β=0.33, γ=0.80, MinEntropy>                1.250667         0.824000         0.000000           NaN
MyVoteSys <α=0.66, β=0.33, γ=____, MaxStDev>                  1.250667         0.824000         0.000000           NaN
MyVoteSys <α=0.66, β=0.33, γ=____, First>                     1.250667         0.824000         0.000000           NaN
MyVoteSys <α=0.66, β=0.33, γ=0.80, MaxStDev>                  1.250667         0.824000         0.000000           NaN
MyVoteSys <α=0.50, β=0.33, γ=0.80, Last>                      1.288000         0.792000         0.000000           NaN
MyVoteSys <α=0.50, β=0.33, γ=0.80, MaxEntropy>                1.288000         0.792000         0.000000           NaN
MyVoteSys <α=0.50, β=0.33, γ=0.80, MinVariance>               1.288000         0.792000         0.000000           NaN
MyVoteSys <α=0.66, β=0.33, γ=0.80, MaxEntropy>                1.300000         0.789333         0.000000           NaN
MyVoteSys <α=0.66, β=0.33, γ=0.80, Last>                      1.300000         0.789333         0.000000           NaN
MyVoteSys <α=0.66, β=0.33, γ=0.80, MinVariance>               1.300000         0.789333         0.000000           NaN
MyVoteSys <α=0.50, β=____, γ=0.80, Last>                      1.308000         0.789333         0.000000           NaN
MyVoteSys <α=0.80, β=____, γ=____, MinEntropy>                1.308000         0.789333         0.000000           NaN
MyVoteSys <α=0.80, β=____, γ=____, First>                     1.308000         0.789333         0.000000           NaN
MyVoteSys <α=0.66, β=____, γ=0.80, Last>                      1.308000         0.789333         0.000000           NaN
MyVoteSys <α=0.66, β=____, γ=0.80, MinVariance>               1.308000         0.789333         0.000000           NaN
MyVoteSys <α=0.66, β=____, γ=0.80, MaxEntropy>                1.308000         0.789333         0.000000           NaN
MyVoteSys <α=0.50, β=____, γ=0.80, MaxEntropy>                1.308000         0.789333         0.000000           NaN
MyVoteSys <α=0.50, β=____, γ=0.80, MinVariance>               1.308000         0.789333         0.000000           NaN
FirstPastThePost (but without tactical voting)                1.325333         0.773333         0.000000           NaN
MyVoteSys <α=0.50, β=0.33, γ=____, MinVariance>               1.337333         0.756000         0.000000           NaN
MyVoteSys <α=0.50, β=0.33, γ=____, Last>                      1.346667         0.752000         0.000000           NaN
MyVoteSys <α=0.50, β=0.33, γ=____, MaxEntropy>                1.346667         0.752000         0.000000           NaN
MyVoteSys <α=0.66, β=0.33, γ=____, MinVariance>               1.349333         0.753333         0.000000           NaN
MyVoteSys <α=0.66, β=0.33, γ=____, Last>                      1.358667         0.749333         0.000000           NaN
MyVoteSys <α=0.66, β=0.33, γ=____, MaxEntropy>                1.358667         0.749333         0.000000           NaN
MyVoteSys <α=0.80, β=0.33, γ=____, MaxStDev>                  1.420000         0.780000         0.000000           NaN
MyVoteSys <α=0.80, β=0.33, γ=____, MaxVariance>               1.420000         0.780000         0.000000           NaN
MyVoteSys <α=0.80, β=0.33, γ=____, MinEntropy>                1.420000         0.780000         0.000000           NaN
MyVoteSys <α=0.80, β=0.33, γ=____, First>                     1.420000         0.780000         0.000000           NaN
MaxStandardDeviationWeightedSumWins<α=0>                      1.464000         0.748000         0.000000           NaN
MaxVarianceWeightedSumWins<α=0>                               1.465333         0.745333         0.000000           NaN
MyVoteSys <α=0.80, β=0.33, γ=____, MinVariance>               1.469333         0.744000         0.000000           NaN
MaxStandardDeviationWeightedSumWins<α=0.5>                    1.470667         0.748000         0.000000           NaN
MaxVarianceWeightedSumWins<α=0.5>                             1.477333         0.744000         0.000000           NaN
MyVoteSys <α=0.80, β=0.33, γ=____, Last>                      1.478667         0.740000         0.000000           NaN
MyVoteSys <α=0.80, β=0.33, γ=____, MaxEntropy>                1.478667         0.740000         0.000000           NaN
MyVoteSys <α=0.80, β=____, γ=____, MinVariance>               1.504000         0.730667         0.000000           NaN
MyVoteSys <α=0.66, β=____, γ=____, MinVariance>               1.504000         0.730667         0.000000           NaN
MyVoteSys <α=0.50, β=____, γ=____, MinVariance>               1.504000         0.730667         0.000000           NaN
MaxVarianceProportionalWeightedSumWins<α=0>                   1.700000         0.710667         0.000000           NaN
MaxVarianceProportionalWeightedSumWins<α=0.5>                 1.710667         0.709333         0.000000           NaN
MaxStandardDeviationProportionalWeightedSumWins<α=0>          1.852000         0.694667         0.000000           NaN
MaxStandardDeviationProportionalWeightedSumWins<α=0.5>        1.852000         0.694667         0.000000           NaN
MyVoteSys <α=0.50, β=____, γ=____, MaxStDev>                  2.444000         0.644000         0.000000           NaN
MyVoteSys <α=0.50, β=____, γ=____, MaxVariance>               2.444000         0.644000         0.000000           NaN
MyVoteSys <α=0.66, β=____, γ=____, MaxVariance>               2.457333         0.642667         0.000000           NaN
MyVoteSys <α=0.66, β=____, γ=____, MaxStDev>                  2.457333         0.642667         0.000000           NaN
MyVoteSys <α=0.50, β=____, γ=____, MaxEntropy>                2.460000         0.640000         0.000000           NaN
MyVoteSys <α=0.80, β=____, γ=____, Last>                      2.460000         0.640000         0.000000           NaN
MyVoteSys <α=0.80, β=____, γ=____, MaxStDev>                  2.460000         0.640000         0.000000           NaN
MyVoteSys <α=0.50, β=____, γ=____, Last>                      2.460000         0.640000         0.000000           NaN
MyVoteSys <α=0.80, β=____, γ=____, MaxVariance>               2.460000         0.640000         0.000000           NaN
MyVoteSys <α=0.66, β=____, γ=____, MaxEntropy>                2.460000         0.640000         0.000000           NaN
MyVoteSys <α=0.80, β=____, γ=____, MaxEntropy>                2.460000         0.640000         0.000000           NaN
MyVoteSys <α=0.66, β=____, γ=____, Last>                      2.460000         0.640000         0.000000           NaN
bestVoter (Dictatorship)                                      2.594667         0.417333         0.010667   7147.884766
MinEntropyProportionalWeightedSumWins<α=0>                    3.944000         0.141333         0.050667           NaN
MinEntropyWeightedSumWins2<α=0>                               3.944000         0.141333         0.050667           NaN
MinEntropyProportionalWeightedSumWins2<α=0>                   3.944000         0.141333         0.050667           NaN
MinEntropyWeightedSumWins<α=0>                                3.944000         0.141333         0.050667           NaN
MinEntropyWeightedSumWins2<α=0.5>                             3.949333         0.141333         0.050667           NaN
MinEntropyWeightedSumWins<α=0.5>                              3.949333         0.141333         0.050667           NaN
MinEntropyProportionalWeightedSumWins<α=0.5>                  3.949333         0.141333         0.050667           NaN
MinEntropyProportionalWeightedSumWins2<α=0.5>                 3.949333         0.141333         0.050667           NaN

