
===== Last Election voting process ======

Stamp Counts Table:
Candidates  2651  119  1288  1858  NullCandidate  2280  590  2378  176  1602  496  825  1397  1895  1107  1195  876  944  1401   92
Stage                                                                                                                              
0            389  348     8     5              0     0    0     0    0     0    0    0     0     0     0     0    0    0     0    0
1            306  268    44   130              0     0    0     1    0     0    0    1     0     0     0     0    0    0     0    0
2             49  119   301   267              0     1    0     3    0     0    0   10     0     0     0     0    0    0     0    0
3              6   14   383   311              0     0    0    12    0     5    0   15     3     1     0     0    0    0     0    0
4              0    1    12    24            101    41   84   129   26    67   13   93   110    42     6     1    0    0     0    0
5              0    0     1    11            117    78  123    67   32    73   17   97    63    64     5     0    0    2     0    0
6              0    0     1     1            177   106   82    79   30    46   24   51    65    59    15    14    0    0     0    0
7              0    0     0     1            115   115  104    70   53    69   36   41    44    57    32    10    2    1     0    0
8              0    0     0     0             87   103   59    66   59    78   57   48    63    56    47    20    1    6     0    0
9              0    0     0     0             70    75   60    71   72    62   88   50    40    53    70    32    1    6     0    0
10             0    0     0     0             57    52   56    45   86    47   69   98    62    34    79    43   11   11     0    0
11             0    0     0     0             18    57   52    40   80    52   42   87    80    52   108    50   14   16     0    2
12             0    0     0     0              2    50   55    44  114    53   75   61    54    66    48    52   45   27     2    2
13             0    0     0     0              1    36   24    75   79    77   83   38    41    50    48    73   69   51     3    2
14             0    0     0     0              2    20   24    23   58    55   74   29    43    49    85    96   75   95    15    7
15             0    0     0     0              2    12   14    18   39    36   98   16    43    82    88    97   83   83    16   23
16             0    0     0     0              1     3   12     5   18    17   61   10    30    51    77    86  145   63    85   86
17             0    0     0     0              0     1    1     2    4    13   13    4     7    15    28   101  119  135   137  170
18             0    0     0     0              0     0    0     0    0     0    0    1     2    17    10    53  105  109   325  128
19             0    0     0     0              0     0    0     0    0     0    0    0     0     2     4    22   80  145   167  330

Processed Vote Counts Table:
Candidates  2651  119  1288  1858  NullCandidate  2280  590  2378  176  1602  496  825  1397  1895  1107  1195  876  944  1401   92
Stage                                                                                                                              
0            389  348     8     5              0     0    0     0    0     0    0    0     0     0     0     0    0    0     0    0
1            695  616    52   135              0     0    0     1    0     0    0    1     0     0     0     0    0    0     0    0
2            744  735   353   402              0     1    0     4    0     0    0   11     0     0     0     0    0    0     0    0
3            750  749   736   713              0     1    0    16    0     5    0   26     3     1     0     0    0    0     0    0
4            750  750   748   737            101    42   84   145   26    72   13  119   113    43     6     1    0    0     0    0
5            750  750   749   748            218   120  207   212   58   145   30  216   176   107    11     1    0    2     0    0
6            750  750   750   749            395   226  289   291   88   191   54  267   241   166    26    15    0    2     0    0
7            750  750   750   750            510   341  393   361  141   260   90  308   285   223    58    25    2    3     0    0
8            750  750   750   750            597   444  452   427  200   338  147  356   348   279   105    45    3    9     0    0
9            750  750   750   750            667   519  512   498  272   400  235  406   388   332   175    77    4   15     0    0
10           750  750   750   750            724   571  568   543  358   447  304  504   450   366   254   120   15   26     0    0
11           750  750   750   750            742   628  620   583  438   499  346  591   530   418   362   170   29   42     0    2
12           750  750   750   750            744   678  675   627  552   552  421  652   584   484   410   222   74   69     2    4
13           750  750   750   750            745   714  699   702  631   629  504  690   625   534   458   295  143  120     5    6
14           750  750   750   750            747   734  723   725  689   684  578  719   668   583   543   391  218  215    20   13
15           750  750   750   750            749   746  737   743  728   720  676  735   711   665   631   488  301  298    36   36
16           750  750   750   750            750   749  749   748  746   737  737  745   741   716   708   574  446  361   121  122
17           750  750   750   750            750   750  750   750  750   750  750  749   748   731   736   675  565  496   258  292
18           750  750   750   750            750   750  750   750  750   750  750  750   750   748   746   728  670  605   583  420
19           750  750   750   750            750   750  750   750  750   750  750  750   750   750   750   750  750  750   750  750

Score(%) of Candidates Table:
Candidates        2651         119        1288        1858  NullCandidate        2280         590        2378         176        1602         496         825        1397        1895        1107        1195         876         944        1401          92
Stage                                                                                                                                                                                                                                                        
0            51.866667   46.400000    1.066667    0.666667       0.000000    0.000000    0.000000    0.000000    0.000000    0.000000    0.000000    0.000000    0.000000    0.000000    0.000000    0.000000    0.000000    0.000000    0.000000    0.000000
1            92.666667   82.133333    6.933333   18.000000       0.000000    0.000000    0.000000    0.133333    0.000000    0.000000    0.000000    0.133333    0.000000    0.000000    0.000000    0.000000    0.000000    0.000000    0.000000    0.000000
2            99.200000   98.000000   47.066667   53.600000       0.000000    0.133333    0.000000    0.533333    0.000000    0.000000    0.000000    1.466667    0.000000    0.000000    0.000000    0.000000    0.000000    0.000000    0.000000    0.000000
3           100.000000   99.866667   98.133333   95.066667       0.000000    0.133333    0.000000    2.133333    0.000000    0.666667    0.000000    3.466667    0.400000    0.133333    0.000000    0.000000    0.000000    0.000000    0.000000    0.000000
4           100.000000  100.000000   99.733333   98.266667      13.466667    5.600000   11.200000   19.333333    3.466667    9.600000    1.733333   15.866667   15.066667    5.733333    0.800000    0.133333    0.000000    0.000000    0.000000    0.000000
5           100.000000  100.000000   99.866667   99.733333      29.066667   16.000000   27.600000   28.266667    7.733333   19.333333    4.000000   28.800000   23.466667   14.266667    1.466667    0.133333    0.000000    0.266667    0.000000    0.000000
6           100.000000  100.000000  100.000000   99.866667      52.666667   30.133333   38.533333   38.800000   11.733333   25.466667    7.200000   35.600000   32.133333   22.133333    3.466667    2.000000    0.000000    0.266667    0.000000    0.000000
7           100.000000  100.000000  100.000000  100.000000      68.000000   45.466667   52.400000   48.133333   18.800000   34.666667   12.000000   41.066667   38.000000   29.733333    7.733333    3.333333    0.266667    0.400000    0.000000    0.000000
8           100.000000  100.000000  100.000000  100.000000      79.600000   59.200000   60.266667   56.933333   26.666667   45.066667   19.600000   47.466667   46.400000   37.200000   14.000000    6.000000    0.400000    1.200000    0.000000    0.000000
9           100.000000  100.000000  100.000000  100.000000      88.933333   69.200000   68.266667   66.400000   36.266667   53.333333   31.333333   54.133333   51.733333   44.266667   23.333333   10.266667    0.533333    2.000000    0.000000    0.000000
10          100.000000  100.000000  100.000000  100.000000      96.533333   76.133333   75.733333   72.400000   47.733333   59.600000   40.533333   67.200000   60.000000   48.800000   33.866667   16.000000    2.000000    3.466667    0.000000    0.000000
11          100.000000  100.000000  100.000000  100.000000      98.933333   83.733333   82.666667   77.733333   58.400000   66.533333   46.133333   78.800000   70.666667   55.733333   48.266667   22.666667    3.866667    5.600000    0.000000    0.266667
12          100.000000  100.000000  100.000000  100.000000      99.200000   90.400000   90.000000   83.600000   73.600000   73.600000   56.133333   86.933333   77.866667   64.533333   54.666667   29.600000    9.866667    9.200000    0.266667    0.533333
13          100.000000  100.000000  100.000000  100.000000      99.333333   95.200000   93.200000   93.600000   84.133333   83.866667   67.200000   92.000000   83.333333   71.200000   61.066667   39.333333   19.066667   16.000000    0.666667    0.800000
14          100.000000  100.000000  100.000000  100.000000      99.600000   97.866667   96.400000   96.666667   91.866667   91.200000   77.066667   95.866667   89.066667   77.733333   72.400000   52.133333   29.066667   28.666667    2.666667    1.733333
15          100.000000  100.000000  100.000000  100.000000      99.866667   99.466667   98.266667   99.066667   97.066667   96.000000   90.133333   98.000000   94.800000   88.666667   84.133333   65.066667   40.133333   39.733333    4.800000    4.800000
16          100.000000  100.000000  100.000000  100.000000     100.000000   99.866667   99.866667   99.733333   99.466667   98.266667   98.266667   99.333333   98.800000   95.466667   94.400000   76.533333   59.466667   48.133333   16.133333   16.266667
17          100.000000  100.000000  100.000000  100.000000     100.000000  100.000000  100.000000  100.000000  100.000000  100.000000  100.000000   99.866667   99.733333   97.466667   98.133333   90.000000   75.333333   66.133333   34.400000   38.933333
18          100.000000  100.000000  100.000000  100.000000     100.000000  100.000000  100.000000  100.000000  100.000000  100.000000  100.000000  100.000000  100.000000   99.733333   99.466667   97.066667   89.333333   80.666667   77.733333   56.000000
19          100.000000  100.000000  100.000000  100.000000     100.000000  100.000000  100.000000  100.000000  100.000000  100.000000  100.000000  100.000000  100.000000  100.000000  100.000000  100.000000  100.000000  100.000000  100.000000  100.000000

                                                        winner  winStage                                                         validStages
algorithm                                                                                                                                   
InstantRunoffVoting                                       2651       NaN                                                                 NaN
SingleTransferableVote                                    2651       NaN                                                                 NaN
PreferentialBlockVoting                                   2651       NaN                                                                 NaN
FirstPastThePost (but without tactical voting)            2651       NaN                                                                 NaN
MyVoteSys <α=0.50, β=____, γ=____, First>                 2651       0.0  [0, 1, 2, 3, 4, 5, 6, 7, 8, 9, 10, 11, 12, 13, 14, 15, 16, 17, 18]
MyVoteSys <α=0.50, β=____, γ=____, Last>                  2651      18.0  [0, 1, 2, 3, 4, 5, 6, 7, 8, 9, 10, 11, 12, 13, 14, 15, 16, 17, 18]
MyVoteSys <α=0.50, β=____, γ=____, MinEntropy>            2651       0.0  [0, 1, 2, 3, 4, 5, 6, 7, 8, 9, 10, 11, 12, 13, 14, 15, 16, 17, 18]
MyVoteSys <α=0.50, β=____, γ=____, MaxEntropy>            2651      18.0  [0, 1, 2, 3, 4, 5, 6, 7, 8, 9, 10, 11, 12, 13, 14, 15, 16, 17, 18]
MyVoteSys <α=0.50, β=____, γ=____, MinVariance>           2651       3.0  [0, 1, 2, 3, 4, 5, 6, 7, 8, 9, 10, 11, 12, 13, 14, 15, 16, 17, 18]
MyVoteSys <α=0.50, β=____, γ=____, MaxVariance>           2651      18.0  [0, 1, 2, 3, 4, 5, 6, 7, 8, 9, 10, 11, 12, 13, 14, 15, 16, 17, 18]
MyVoteSys <α=0.50, β=____, γ=____, MaxStDev>              2651      18.0  [0, 1, 2, 3, 4, 5, 6, 7, 8, 9, 10, 11, 12, 13, 14, 15, 16, 17, 18]
MyVoteSys <α=0.50, β=____, γ=0.66, First>                 2651       0.0                                                              [0, 1]
MyVoteSys <α=0.50, β=____, γ=0.66, Last>                  2651       1.0                                                              [0, 1]
MyVoteSys <α=0.50, β=____, γ=0.66, MinEntropy>            2651       0.0                                                              [0, 1]
MyVoteSys <α=0.50, β=____, γ=0.66, MaxEntropy>            2651       1.0                                                              [0, 1]
MyVoteSys <α=0.50, β=____, γ=0.66, MinVariance>           2651       1.0                                                              [0, 1]
MyVoteSys <α=0.50, β=____, γ=0.66, MaxVariance>           2651       0.0                                                              [0, 1]
MyVoteSys <α=0.50, β=____, γ=0.66, MaxStDev>              2651       0.0                                                              [0, 1]
MyVoteSys <α=0.50, β=____, γ=0.80, First>                 2651       0.0                                                              [0, 1]
MyVoteSys <α=0.50, β=____, γ=0.80, Last>                  2651       1.0                                                              [0, 1]
MyVoteSys <α=0.50, β=____, γ=0.80, MinEntropy>            2651       0.0                                                              [0, 1]
MyVoteSys <α=0.50, β=____, γ=0.80, MaxEntropy>            2651       1.0                                                              [0, 1]
MyVoteSys <α=0.50, β=____, γ=0.80, MinVariance>           2651       1.0                                                              [0, 1]
MyVoteSys <α=0.50, β=____, γ=0.80, MaxVariance>           2651       0.0                                                              [0, 1]
MyVoteSys <α=0.50, β=____, γ=0.80, MaxStDev>              2651       0.0                                                              [0, 1]
MyVoteSys <α=0.50, β=0.33, γ=____, First>                 2651       0.0                                                  [0, 1, 2, 3, 4, 5]
MyVoteSys <α=0.50, β=0.33, γ=____, Last>                  2651       5.0                                                  [0, 1, 2, 3, 4, 5]
MyVoteSys <α=0.50, β=0.33, γ=____, MinEntropy>            2651       0.0                                                  [0, 1, 2, 3, 4, 5]
MyVoteSys <α=0.50, β=0.33, γ=____, MaxEntropy>            2651       5.0                                                  [0, 1, 2, 3, 4, 5]
MyVoteSys <α=0.50, β=0.33, γ=____, MinVariance>           2651       3.0                                                  [0, 1, 2, 3, 4, 5]
MyVoteSys <α=0.50, β=0.33, γ=____, MaxVariance>           2651       0.0                                                  [0, 1, 2, 3, 4, 5]
MyVoteSys <α=0.50, β=0.33, γ=____, MaxStDev>              2651       0.0                                                  [0, 1, 2, 3, 4, 5]
MyVoteSys <α=0.50, β=0.33, γ=0.66, First>                 2651       0.0                                                              [0, 1]
MyVoteSys <α=0.50, β=0.33, γ=0.66, Last>                  2651       1.0                                                              [0, 1]
MyVoteSys <α=0.50, β=0.33, γ=0.66, MinEntropy>            2651       0.0                                                              [0, 1]
MyVoteSys <α=0.50, β=0.33, γ=0.66, MaxEntropy>            2651       1.0                                                              [0, 1]
MyVoteSys <α=0.50, β=0.33, γ=0.66, MinVariance>           2651       1.0                                                              [0, 1]
MyVoteSys <α=0.50, β=0.33, γ=0.66, MaxVariance>           2651       0.0                                                              [0, 1]
MyVoteSys <α=0.50, β=0.33, γ=0.66, MaxStDev>              2651       0.0                                                              [0, 1]
MyVoteSys <α=0.50, β=0.33, γ=0.80, First>                 2651       0.0                                                              [0, 1]
MyVoteSys <α=0.50, β=0.33, γ=0.80, Last>                  2651       1.0                                                              [0, 1]
MyVoteSys <α=0.50, β=0.33, γ=0.80, MinEntropy>            2651       0.0                                                              [0, 1]
MyVoteSys <α=0.50, β=0.33, γ=0.80, MaxEntropy>            2651       1.0                                                              [0, 1]
MyVoteSys <α=0.50, β=0.33, γ=0.80, MinVariance>           2651       1.0                                                              [0, 1]
MyVoteSys <α=0.50, β=0.33, γ=0.80, MaxVariance>           2651       0.0                                                              [0, 1]
MyVoteSys <α=0.50, β=0.33, γ=0.80, MaxStDev>              2651       0.0                                                              [0, 1]
MyVoteSys <α=0.66, β=____, γ=____, First>                 2651       1.0     [1, 2, 3, 4, 5, 6, 7, 8, 9, 10, 11, 12, 13, 14, 15, 16, 17, 18]
MyVoteSys <α=0.66, β=____, γ=____, Last>                  2651      18.0     [1, 2, 3, 4, 5, 6, 7, 8, 9, 10, 11, 12, 13, 14, 15, 16, 17, 18]
MyVoteSys <α=0.66, β=____, γ=____, MinEntropy>            2651       1.0     [1, 2, 3, 4, 5, 6, 7, 8, 9, 10, 11, 12, 13, 14, 15, 16, 17, 18]
MyVoteSys <α=0.66, β=____, γ=____, MaxEntropy>            2651      18.0     [1, 2, 3, 4, 5, 6, 7, 8, 9, 10, 11, 12, 13, 14, 15, 16, 17, 18]
MyVoteSys <α=0.66, β=____, γ=____, MinVariance>           2651       3.0     [1, 2, 3, 4, 5, 6, 7, 8, 9, 10, 11, 12, 13, 14, 15, 16, 17, 18]
MyVoteSys <α=0.66, β=____, γ=____, MaxVariance>           2651      18.0     [1, 2, 3, 4, 5, 6, 7, 8, 9, 10, 11, 12, 13, 14, 15, 16, 17, 18]
MyVoteSys <α=0.66, β=____, γ=____, MaxStDev>              2651      18.0     [1, 2, 3, 4, 5, 6, 7, 8, 9, 10, 11, 12, 13, 14, 15, 16, 17, 18]
MyVoteSys <α=0.66, β=____, γ=0.80, First>                 2651       1.0                                                                 [1]
MyVoteSys <α=0.66, β=____, γ=0.80, Last>                  2651       1.0                                                                 [1]
MyVoteSys <α=0.66, β=____, γ=0.80, MinEntropy>            2651       1.0                                                                 [1]
MyVoteSys <α=0.66, β=____, γ=0.80, MaxEntropy>            2651       1.0                                                                 [1]
MyVoteSys <α=0.66, β=____, γ=0.80, MinVariance>           2651       1.0                                                                 [1]
MyVoteSys <α=0.66, β=____, γ=0.80, MaxVariance>           2651       1.0                                                                 [1]
MyVoteSys <α=0.66, β=____, γ=0.80, MaxStDev>              2651       1.0                                                                 [1]
MyVoteSys <α=0.66, β=0.33, γ=____, First>                 2651       1.0                                                     [1, 2, 3, 4, 5]
MyVoteSys <α=0.66, β=0.33, γ=____, Last>                  2651       5.0                                                     [1, 2, 3, 4, 5]
MyVoteSys <α=0.66, β=0.33, γ=____, MinEntropy>            2651       1.0                                                     [1, 2, 3, 4, 5]
MyVoteSys <α=0.66, β=0.33, γ=____, MaxEntropy>            2651       5.0                                                     [1, 2, 3, 4, 5]
MyVoteSys <α=0.66, β=0.33, γ=____, MinVariance>           2651       3.0                                                     [1, 2, 3, 4, 5]
MyVoteSys <α=0.66, β=0.33, γ=____, MaxVariance>           2651       1.0                                                     [1, 2, 3, 4, 5]
MyVoteSys <α=0.66, β=0.33, γ=____, MaxStDev>              2651       1.0                                                     [1, 2, 3, 4, 5]
MyVoteSys <α=0.66, β=0.33, γ=0.80, First>                 2651       1.0                                                                 [1]
MyVoteSys <α=0.66, β=0.33, γ=0.80, Last>                  2651       1.0                                                                 [1]
MyVoteSys <α=0.66, β=0.33, γ=0.80, MinEntropy>            2651       1.0                                                                 [1]
MyVoteSys <α=0.66, β=0.33, γ=0.80, MaxEntropy>            2651       1.0                                                                 [1]
MyVoteSys <α=0.66, β=0.33, γ=0.80, MinVariance>           2651       1.0                                                                 [1]
MyVoteSys <α=0.66, β=0.33, γ=0.80, MaxVariance>           2651       1.0                                                                 [1]
MyVoteSys <α=0.66, β=0.33, γ=0.80, MaxStDev>              2651       1.0                                                                 [1]
MyVoteSys <α=0.80, β=____, γ=____, First>                 2651       1.0     [1, 2, 3, 4, 5, 6, 7, 8, 9, 10, 11, 12, 13, 14, 15, 16, 17, 18]
MyVoteSys <α=0.80, β=____, γ=____, Last>                  2651      18.0     [1, 2, 3, 4, 5, 6, 7, 8, 9, 10, 11, 12, 13, 14, 15, 16, 17, 18]
MyVoteSys <α=0.80, β=____, γ=____, MinEntropy>            2651       1.0     [1, 2, 3, 4, 5, 6, 7, 8, 9, 10, 11, 12, 13, 14, 15, 16, 17, 18]
MyVoteSys <α=0.80, β=____, γ=____, MaxEntropy>            2651      18.0     [1, 2, 3, 4, 5, 6, 7, 8, 9, 10, 11, 12, 13, 14, 15, 16, 17, 18]
MyVoteSys <α=0.80, β=____, γ=____, MinVariance>           2651       3.0     [1, 2, 3, 4, 5, 6, 7, 8, 9, 10, 11, 12, 13, 14, 15, 16, 17, 18]
MyVoteSys <α=0.80, β=____, γ=____, MaxVariance>           2651      18.0     [1, 2, 3, 4, 5, 6, 7, 8, 9, 10, 11, 12, 13, 14, 15, 16, 17, 18]
MyVoteSys <α=0.80, β=____, γ=____, MaxStDev>              2651      18.0     [1, 2, 3, 4, 5, 6, 7, 8, 9, 10, 11, 12, 13, 14, 15, 16, 17, 18]
MyVoteSys <α=0.80, β=0.33, γ=____, First>                 2651       1.0                                                     [1, 2, 3, 4, 5]
MyVoteSys <α=0.80, β=0.33, γ=____, Last>                  2651       5.0                                                     [1, 2, 3, 4, 5]
MyVoteSys <α=0.80, β=0.33, γ=____, MinEntropy>            2651       1.0                                                     [1, 2, 3, 4, 5]
MyVoteSys <α=0.80, β=0.33, γ=____, MaxEntropy>            2651       5.0                                                     [1, 2, 3, 4, 5]
MyVoteSys <α=0.80, β=0.33, γ=____, MinVariance>           2651       3.0                                                     [1, 2, 3, 4, 5]
MyVoteSys <α=0.80, β=0.33, γ=____, MaxVariance>           2651       1.0                                                     [1, 2, 3, 4, 5]
MyVoteSys <α=0.80, β=0.33, γ=____, MaxStDev>              2651       1.0                                                     [1, 2, 3, 4, 5]
MinEntropyWeightedSumWins<α=0>                             119       NaN                                                                 NaN
MinEntropyWeightedSumWins<α=0.5>                           119       NaN                                                                 NaN
MinEntropyWeightedSumWins2<α=0>                            119       NaN                                                                 NaN
MinEntropyWeightedSumWins2<α=0.5>                          119       NaN                                                                 NaN
MaxVarianceWeightedSumWins<α=0>                           2651       NaN                                                                 NaN
MaxVarianceWeightedSumWins<α=0.5>                         2651       NaN                                                                 NaN
MaxStandardDeviationWeightedSumWins<α=0>                  2651       NaN                                                                 NaN
MaxStandardDeviationWeightedSumWins<α=0.5>                2651       NaN                                                                 NaN
MinEntropyProportionalWeightedSumWins<α=0>                 119       NaN                                                                 NaN
MinEntropyProportionalWeightedSumWins<α=0.5>               119       NaN                                                                 NaN
MinEntropyProportionalWeightedSumWins2<α=0>                119       NaN                                                                 NaN
MinEntropyProportionalWeightedSumWins2<α=0.5>              119       NaN                                                                 NaN
MaxVarianceProportionalWeightedSumWins<α=0>               2651       NaN                                                                 NaN
MaxVarianceProportionalWeightedSumWins<α=0.5>             2651       NaN                                                                 NaN
MaxStandardDeviationProportionalWeightedSumWins<α=0>      2651       NaN                                                                 NaN
MaxStandardDeviationProportionalWeightedSumWins<α=0.5>    2651       NaN                                                                 NaN
bestVoter (Dictatorship)                                  2651       NaN                                                                 NaN
crowd-Mean                                                2651       NaN                                                                 NaN
crowd-Median                                              2651       NaN                                                                 NaN 

Last Election Candidates:
                        y
Candidates               
92            -218.564207
1401          -199.519674
944           -178.342441
876           -178.038475
1195          -115.022925
1107           -91.445703
176            -75.711510
1895           -69.490937
496            -68.915863
2280           -44.536015
2378           -36.787206
1397           -36.038313
1602           -33.409156
825            -20.500274
590            -18.126427
NullCandidate   -3.467414
1288           117.383107
1858           128.769702
119            227.437688
2651           251.975395

Voters Validation Mean Squared Error:
[9169.77, 9164.98, 9832.99, 10005.75, 7384.83, 10605.76, 9156.78, 4064.76, 7387.11, 10621.39, 9294.52, 11511.99, 7034.75, 10425.99, 11517.54, 7974.55, 13959.25, 9836.18, 8672.94, 10473.79, 10798.36, 6763.08, 11066.29, 3663.5, 8487.87, 10345.01, 9420.92, 11799.19, 5889.29, 8344.43, 7870.19, 12044.76, 10743.99, 12480.5, 8435.87, 11035.13, 9862.12, 11310.37, 7662.76, 12788.6, 7418.02, 8568.19, 6538.27, 6422.82, 7500.49, 3607.33, 10192.0, 11479.74, 6907.26, 14265.86, 7497.71, 5532.26, 10785.12, 5389.07, 9345.79, 12750.19, 10605.09, 11060.5, 9667.53, 7649.86, 11199.54, 9693.15, 10573.93, 9174.75, 13131.16, 6599.26, 10124.17, 5844.81, 9478.86, 4352.39, 10110.32, 8227.89, 8700.88, 13229.65, 9316.88, 6374.57, 9113.44, 6601.68, 11820.31, 9868.94, 8726.77, 4684.81, 8871.67, 11928.59, 11841.72, 12137.21, 9111.66, 11069.36, 8942.05, 11217.19, 11405.82, 6649.55, 10423.51, 7544.13, 13398.05, 8484.86, 7455.73, 12927.21, 2694.31, 11632.66, 9277.7, 8755.91, 7688.9, 12908.28, 10630.45, 8736.56, 12477.38, 6405.89, 10002.19, 12691.84, 10254.53, 6134.02, 8699.72, 10370.65, 9359.16, 12569.92, 12780.76, 11421.56, 9761.02, 7909.49, 8644.88, 10370.37, 9373.96, 12412.78, 8760.69, 10704.67, 12679.42, 4794.55, 10138.53, 6387.18, 9329.05, 7546.56, 9525.33, 11048.83, 9143.11, 10011.98, 9643.87, 7770.83, 8265.86, 7461.62, 10077.1, 11281.33, 14537.19, 6771.35, 3284.8, 13139.35, 7572.66, 7290.86, 12510.35, 4445.85, 7557.82, 9685.89, 13322.35, 9661.43, 9907.34, 8423.92, 8918.28, 14714.89, 8811.76, 6761.07, 13009.96, 10310.64, 11161.74, 10622.08, 4907.44, 6821.19, 8721.89, 7832.74, 8108.1, 9624.4, 9044.9, 12174.69, 12844.49, 5634.23, 9569.67, 10897.09, 9613.04, 9517.72, 6921.38, 12679.67, 8931.13, 9864.86, 10508.3, 9477.18, 11922.47, 7397.52, 8643.87, 8519.4, 10194.24, 10506.05, 12354.93, 12118.74, 7038.85, 11905.0, 11062.15, 11258.24, 7578.66, 14621.96, 4468.43, 13339.94, 14216.08, 9125.88, 12426.28, 11013.6, 7967.9, 10951.13, 10410.71, 7523.66, 8783.63, 6626.44, 10858.63, 13467.81, 13260.32, 14694.64, 12555.05, 8338.54, 7805.0, 6773.98, 11825.47, 14031.32, 9945.27, 8828.7, 10273.61, 9862.46, 10188.1, 8152.49, 9268.3, 11290.54, 10075.64, 10649.21, 8619.04, 10026.37, 13605.56, 10416.18, 12553.11, 8681.55, 7762.32, 7682.84, 8557.69, 10308.27, 11009.14, 13716.19, 12400.27, 13431.68, 6612.0, 6919.19, 10533.14, 9306.8, 6505.42, 9703.65, 5945.33, 14119.5, 6448.12, 7138.44, 9573.0, 11780.86, 12632.88, 3780.51, 10439.48, 7382.81, 7929.51, 9625.18, 14723.85, 8454.5, 5136.77, 6752.41, 13449.91, 13783.62, 5760.94, 12632.31, 10097.67, 7491.22, 6329.42, 8876.18, 7894.65, 6701.83, 13273.53, 11412.35, 14830.63, 9427.89, 8575.33, 9520.44, 8222.43, 11861.02, 11149.39, 10459.02, 11411.67, 10058.16, 4397.78, 13614.32, 12066.89, 3436.58, 10194.66, 8179.45, 10644.74, 5294.9, 8792.05, 12434.73, 11801.5, 9685.23, 4543.6, 7914.5, 10335.95, 6915.44, 8233.54, 12394.7, 13116.96, 11665.04, 11727.25, 4816.1, 8364.71, 9625.52, 10248.71, 13778.34, 13024.07, 9583.95, 9136.58, 10198.72, 8589.64, 9718.43, 8449.87, 10919.66, 8700.47, 8095.4, 9207.13, 13321.25, 12595.28, 12976.76, 9433.15, 8022.98, 12274.4, 13951.56, 11307.62, 10676.63, 7161.64, 9577.5, 11371.83, 15276.01, 9618.04, 9365.62, 12319.24, 12572.77, 10751.6, 8374.77, 7731.52, 7405.19, 11765.83, 11530.45, 7264.0, 4603.1, 4711.38, 11176.08, 9860.35, 11422.79, 10809.44, 11410.43, 11851.87, 7265.76, 13417.66, 11268.59, 8850.07, 14232.28, 7072.62, 7377.5, 7139.67, 12331.74, 10985.77, 8648.57, 10833.4, 5996.47, 5782.03, 8319.77, 12741.18, 12860.23, 10471.75, 6119.9, 5865.62, 7119.92, 14886.2, 8212.26, 14401.77, 5406.13, 5576.23, 14284.77, 10884.6, 9609.31, 11095.2, 11402.09, 7745.09, 7455.06, 10297.19, 9205.96, 11104.93, 10037.06, 14343.96, 7170.69, 9003.58, 5347.27, 11166.93, 15491.93, 9843.07, 7156.03, 7889.89, 6814.77, 7228.64, 11600.2, 8531.1, 12813.38, 7070.45, 8332.56, 6700.42, 12194.45, 9197.32, 10437.37, 12574.08, 9150.22, 9177.56, 9531.38, 7597.63, 9573.94, 3587.45, 6187.88, 13020.28, 8012.32, 12383.24, 10704.63, 5715.61, 9230.25, 11453.82, 14754.25, 8760.58, 7137.6, 9644.78, 7952.83, 11972.8, 11869.26, 11314.78, 10920.16, 9874.38, 10699.76, 8702.97, 8384.21, 11086.77, 12319.34, 7177.82, 10009.62, 12225.99, 8293.91, 9095.99, 10414.43, 11927.25, 11099.83, 6456.77, 9395.08, 10516.17, 8471.4, 11220.88, 9152.97, 11365.58, 7671.66, 9823.11, 7507.74, 9097.67, 13468.55, 10781.28, 9813.15, 6069.1, 8980.49, 10016.97, 12478.14, 7934.65, 12712.62, 8776.62, 9721.61, 9975.12, 5315.5, 2424.92, 4385.6, 13241.26, 6161.37, 12238.7, 9207.62, 10158.23, 12188.3, 9875.64, 7545.23, 6308.91, 8031.32, 8051.58, 10904.67, 8912.24, 8384.47, 14039.41, 11498.26, 8527.92, 9772.62, 12400.76, 10540.64, 12944.83, 8579.38, 10469.83, 9415.83, 7972.18, 7689.26, 8279.85, 9275.53, 10180.86, 12730.29, 11251.24, 11453.08, 7983.53, 10664.63, 9513.45, 4143.59, 7551.21, 3216.23, 13387.5, 11165.52, 12228.72, 9739.79, 11799.52, 11592.55, 10618.79, 10819.03, 9981.4, 9208.35, 7288.73, 9017.58, 9614.14, 11042.82, 8822.05, 13634.61, 10437.94, 10062.06, 5714.26, 12041.07, 11375.76, 12751.57, 11977.93, 11019.14, 4127.06, 8307.29, 14627.86, 6951.61, 8260.81, 10518.58, 13153.61, 14487.26, 12705.83, 13223.06, 5372.82, 12427.39, 10918.54, 8741.38, 8946.62, 7830.45, 6760.32, 8637.5, 9794.52, 5287.25, 7504.62, 12465.75, 14863.4, 9675.92, 11385.89, 7098.83, 5894.09, 14057.23, 13181.4, 10737.35, 8733.24, 11957.42, 8469.18, 8447.5, 8366.61, 5579.3, 11409.04, 11190.84, 10878.82, 8672.96, 7893.38, 8703.76, 12967.38, 8228.82, 10842.13, 9824.69, 9405.44, 7900.98, 11686.12, 10981.56, 5975.81, 9121.41, 9889.18, 4640.79, 7621.83, 7946.21, 10836.68, 11744.99, 9200.34, 8930.44, 14932.03, 8650.05, 12991.95, 8479.83, 15700.95, 6069.98, 7964.28, 10866.1, 8273.27, 6241.51, 7839.67, 8540.98, 12124.67, 11144.77, 10109.64, 8456.88, 8017.89, 11219.11, 9604.72, 9647.62, 7918.78, 10122.13, 5736.1, 11241.54, 7882.34, 15851.41, 8282.48, 9092.03, 10860.78, 7870.63, 7931.13, 8842.96, 9983.39, 14818.19, 7200.88, 14946.3, 9889.09, 8614.09, 8850.87, 9893.49, 11202.75, 12302.64, 10415.66, 14041.24, 8424.87, 7165.58, 12885.69, 11781.22, 10277.44, 7819.35, 7423.04, 8005.68, 13409.73, 5954.5, 12639.99, 10270.43, 12763.88, 10137.66, 13025.11, 10843.52, 10638.4, 8387.05, 7748.51, 12290.37, 9200.21, 13744.58, 6252.09, 8187.42, 12463.71, 7909.22, 11713.58, 8207.78, 12247.17, 9928.21, 6318.49, 10655.0, 3551.35, 10438.56, 12366.95, 7851.17, 7820.02, 10689.94, 11870.68, 8982.53, 10669.01, 11826.18, 9272.68, 7724.75, 5244.31, 13504.26, 12011.75, 9051.84, 11428.2, 8083.35, 7222.73, 7569.09, 13304.22, 7583.33, 10000.31, 11555.76, 9178.9, 10387.2, 12198.43, 6747.77, 11660.27, 5623.37, 7541.19, 11808.69, 9424.11, 9716.76, 7268.85, 8398.3, 6657.04, 5612.42, 13182.76, 12554.42, 11959.48, 9753.4, 10935.83, 9205.52, 11425.76, 12032.36, 9965.58, 8036.43, 8501.15, 8119.71, 9330.61, 6391.02, 10513.38, 11964.29, 8202.38, 6865.15, 11787.82, 11636.45, 11873.77, 8060.94, 8003.76, 7498.06, 7360.43, 13687.13, 12580.47, 8396.14, 9287.69, 11619.0, 12359.52, 12199.19, 10086.49, 7719.99, 8784.75, 10821.46]

Voters Validation Mean Error:
[95.76, 95.73, 99.16, 100.03, 85.94, 102.98, 95.69, 63.76, 85.95, 103.06, 96.41, 107.29, 83.87, 102.11, 107.32, 89.3, 118.15, 99.18, 93.13, 102.34, 103.92, 82.24, 105.2, 60.53, 92.13, 101.71, 97.06, 108.62, 76.74, 91.35, 88.71, 109.75, 103.65, 111.72, 91.85, 105.05, 99.31, 106.35, 87.54, 113.09, 86.13, 92.56, 80.86, 80.14, 86.61, 60.06, 100.96, 107.14, 83.11, 119.44, 86.59, 74.38, 103.85, 73.41, 96.67, 112.92, 102.98, 105.17, 98.32, 87.46, 105.83, 98.45, 102.83, 95.78, 114.59, 81.24, 100.62, 76.45, 97.36, 65.97, 100.55, 90.71, 93.28, 115.02, 96.52, 79.84, 95.46, 81.25, 108.72, 99.34, 93.42, 68.45, 94.19, 109.22, 108.82, 110.17, 95.46, 105.21, 94.56, 105.91, 106.8, 81.54, 102.1, 86.86, 115.75, 92.11, 86.35, 113.7, 51.91, 107.85, 96.32, 93.57, 87.69, 113.61, 103.1, 93.47, 111.7, 80.04, 100.01, 112.66, 101.26, 78.32, 93.27, 101.84, 96.74, 112.12, 113.05, 106.87, 98.8, 88.94, 92.98, 101.83, 96.82, 111.41, 93.6, 103.46, 112.6, 69.24, 100.69, 79.92, 96.59, 86.87, 97.6, 105.11, 95.62, 100.06, 98.2, 88.15, 90.92, 86.38, 100.38, 106.21, 120.57, 82.29, 57.31, 114.63, 87.02, 85.39, 111.85, 66.68, 86.94, 98.42, 115.42, 98.29, 99.54, 91.78, 94.44, 121.3, 93.87, 82.23, 114.06, 101.54, 105.65, 103.06, 70.05, 82.59, 93.39, 88.5, 90.05, 98.1, 95.1, 110.34, 113.33, 75.06, 97.82, 104.39, 98.05, 97.56, 83.19, 112.6, 94.5, 99.32, 102.51, 97.35, 109.19, 86.01, 92.97, 92.3, 100.97, 102.5, 111.15, 110.09, 83.9, 109.11, 105.18, 106.1, 87.06, 120.92, 66.85, 115.5, 119.23, 95.53, 111.47, 104.95, 89.26, 104.65, 102.03, 86.74, 93.72, 81.4, 104.2, 116.05, 115.15, 121.22, 112.05, 91.32, 88.35, 82.3, 108.74, 118.45, 99.73, 93.96, 101.36, 99.31, 100.94, 90.29, 96.27, 106.26, 100.38, 103.19, 92.84, 100.13, 116.64, 102.06, 112.04, 93.17, 88.1, 87.65, 92.51, 101.53, 104.92, 117.12, 111.36, 115.9, 81.31, 83.18, 102.63, 96.47, 80.66, 98.51, 77.11, 118.83, 80.3, 84.49, 97.84, 108.54, 112.4, 61.49, 102.17, 85.92, 89.05, 98.11, 121.34, 91.95, 71.67, 82.17, 115.97, 117.4, 75.9, 112.39, 100.49, 86.55, 79.56, 94.21, 88.85, 81.86, 115.21, 106.83, 121.78, 97.1, 92.6, 97.57, 90.68, 108.91, 105.59, 102.27, 106.83, 100.29, 66.32, 116.68, 109.85, 58.62, 100.97, 90.44, 103.17, 72.77, 93.77, 111.51, 108.63, 98.41, 67.41, 88.96, 101.67, 83.16, 90.74, 111.33, 114.53, 108.0, 108.29, 69.4, 91.46, 98.11, 101.24, 117.38, 114.12, 97.9, 95.59, 100.99, 92.68, 98.58, 91.92, 104.5, 93.28, 89.97, 95.95, 115.42, 112.23, 113.92, 97.12, 89.57, 110.79, 118.12, 106.34, 103.33, 84.63, 97.86, 106.64, 123.6, 98.07, 96.78, 110.99, 112.13, 103.69, 91.51, 87.93, 86.05, 108.47, 107.38, 85.23, 67.85, 68.64, 105.72, 99.3, 106.88, 103.97, 106.82, 108.87, 85.24, 115.83, 106.15, 94.07, 119.3, 84.1, 85.89, 84.5, 111.05, 104.81, 93.0, 104.08, 77.44, 76.04, 91.21, 112.88, 113.4, 102.33, 78.23, 76.59, 84.38, 122.01, 90.62, 120.01, 73.53, 74.67, 119.52, 104.33, 98.03, 105.33, 106.78, 88.01, 86.34, 101.48, 95.95, 105.38, 100.19, 119.77, 84.68, 94.89, 73.13, 105.67, 124.47, 99.21, 84.59, 88.83, 82.55, 85.02, 107.7, 92.36, 113.2, 84.09, 91.28, 81.86, 110.43, 95.9, 102.16, 112.13, 95.66, 95.8, 97.63, 87.16, 97.85, 59.9, 78.66, 114.11, 89.51, 111.28, 103.46, 75.6, 96.07, 107.02, 121.47, 93.6, 84.48, 98.21, 89.18, 109.42, 108.95, 106.37, 104.5, 99.37, 103.44, 93.29, 91.57, 105.29, 110.99, 84.72, 100.05, 110.57, 91.07, 95.37, 102.05, 109.21, 105.36, 80.35, 96.93, 102.55, 92.04, 105.93, 95.67, 106.61, 87.59, 99.11, 86.65, 95.38, 116.05, 103.83, 99.06, 77.9, 94.77, 100.08, 111.71, 89.08, 112.75, 93.68, 98.6, 99.88, 72.91, 49.24, 66.22, 115.07, 78.49, 110.63, 95.96, 100.79, 110.4, 99.38, 86.86, 79.43, 89.62, 89.73, 104.43, 94.4, 91.57, 118.49, 107.23, 92.35, 98.86, 111.36, 102.67, 113.78, 92.62, 102.32, 97.04, 89.29, 87.69, 90.99, 96.31, 100.9, 112.83, 106.07, 107.02, 89.35, 103.27, 97.54, 64.37, 86.9, 56.71, 115.7, 105.67, 110.58, 98.69, 108.63, 107.67, 103.05, 104.01, 99.91, 95.96, 85.37, 94.96, 98.05, 105.08, 93.93, 116.77, 102.17, 100.31, 75.59, 109.73, 106.66, 112.92, 109.44, 104.97, 64.24, 91.14, 120.95, 83.38, 90.89, 102.56, 114.69, 120.36, 112.72, 114.99, 73.3, 111.48, 104.49, 93.5, 94.59, 88.49, 82.22, 92.94, 98.97, 72.71, 86.63, 111.65, 121.92, 98.37, 106.7, 84.25, 76.77, 118.56, 114.81, 103.62, 93.45, 109.35, 92.03, 91.91, 91.47, 74.69, 106.81, 105.79, 104.3, 93.13, 88.84, 93.29, 113.87, 90.71, 104.13, 99.12, 96.98, 88.89, 108.1, 104.79, 77.3, 95.51, 99.44, 68.12, 87.3, 89.14, 104.1, 108.37, 95.92, 94.5, 122.2, 93.01, 113.98, 92.09, 125.3, 77.91, 89.24, 104.24, 90.96, 79.0, 88.54, 92.42, 110.11, 105.57, 100.55, 91.96, 89.54, 105.92, 98.0, 98.22, 88.99, 100.61, 75.74, 106.03, 88.78, 125.9, 91.01, 95.35, 104.22, 88.72, 89.06, 94.04, 99.92, 121.73, 84.86, 122.26, 99.44, 92.81, 94.08, 99.47, 105.84, 110.92, 102.06, 118.5, 91.79, 84.65, 113.52, 108.54, 101.38, 88.43, 86.16, 89.47, 115.8, 77.17, 112.43, 101.34, 112.98, 100.69, 114.13, 104.13, 103.14, 91.58, 88.03, 110.86, 95.92, 117.24, 79.07, 90.48, 111.64, 88.93, 108.23, 90.6, 110.67, 99.64, 79.49, 103.22, 59.59, 102.17, 111.21, 88.61, 88.43, 103.39, 108.95, 94.78, 103.29, 108.75, 96.29, 87.89, 72.42, 116.21, 109.6, 95.14, 106.9, 89.91, 84.99, 87.0, 115.34, 87.08, 100.0, 107.5, 95.81, 101.92, 110.45, 82.14, 107.98, 74.99, 86.84, 108.67, 97.08, 98.57, 85.26, 91.64, 81.59, 74.92, 114.82, 112.05, 109.36, 98.76, 104.57, 95.95, 106.89, 109.69, 99.83, 89.65, 92.2, 90.11, 96.6, 79.94, 102.53, 109.38, 90.57, 82.86, 108.57, 107.87, 108.97, 89.78, 89.46, 86.59, 85.79, 116.99, 112.16, 91.63, 96.37, 107.79, 111.17, 110.45, 100.43, 87.86, 93.73, 104.03]

numCandiates : 20
numVoters : 750
numElections : 750
columnBlindness : 1
epochs : 166
trainableLayerCount : 1
crowdBuildMethod : {'name': 'standardDistribution', 'mean': 10000, 'standardDeviation': 2500}
dataSetName : mySynthetic
predictedFeature : y

========= SIMULATION RESULTS ========
Metrics                                                 meanWinnerRank  rateTrueWinners  rateWinner<NULL  val_Mean²Err
Algorithms                                                                                                            
MyVoteSys <α=0.50, β=0.33, γ=0.80, First>                     1.129333         0.890667              0.0           NaN
MyVoteSys <α=0.50, β=____, γ=____, First>                     1.129333         0.890667              0.0           NaN
MyVoteSys <α=0.50, β=____, γ=0.66, MinEntropy>                1.129333         0.890667              0.0           NaN
MyVoteSys <α=0.50, β=0.33, γ=0.66, MinEntropy>                1.129333         0.890667              0.0           NaN
MyVoteSys <α=0.50, β=____, γ=0.66, MaxVariance>               1.129333         0.890667              0.0           NaN
MyVoteSys <α=0.50, β=0.33, γ=0.80, MaxStDev>                  1.129333         0.890667              0.0           NaN
MyVoteSys <α=0.50, β=____, γ=0.80, MaxVariance>               1.129333         0.890667              0.0           NaN
MyVoteSys <α=0.50, β=0.33, γ=____, First>                     1.129333         0.890667              0.0           NaN
MyVoteSys <α=0.50, β=____, γ=0.80, MinEntropy>                1.129333         0.890667              0.0           NaN
MyVoteSys <α=0.50, β=0.33, γ=____, MaxStDev>                  1.129333         0.890667              0.0           NaN
MyVoteSys <α=0.50, β=____, γ=0.80, MaxStDev>                  1.129333         0.890667              0.0           NaN
MyVoteSys <α=0.50, β=0.33, γ=0.80, MinEntropy>                1.129333         0.890667              0.0           NaN
MyVoteSys <α=0.50, β=0.33, γ=0.66, MaxVariance>               1.129333         0.890667              0.0           NaN
MyVoteSys <α=0.50, β=____, γ=0.66, MaxStDev>                  1.129333         0.890667              0.0           NaN
MyVoteSys <α=0.50, β=0.33, γ=____, MaxVariance>               1.129333         0.890667              0.0           NaN
MyVoteSys <α=0.50, β=____, γ=____, MinEntropy>                1.129333         0.890667              0.0           NaN
MyVoteSys <α=0.50, β=____, γ=0.80, First>                     1.129333         0.890667              0.0           NaN
MyVoteSys <α=0.50, β=0.33, γ=____, MinEntropy>                1.129333         0.890667              0.0           NaN
MyVoteSys <α=0.50, β=0.33, γ=0.66, First>                     1.129333         0.890667              0.0           NaN
MyVoteSys <α=0.50, β=____, γ=0.66, First>                     1.129333         0.890667              0.0           NaN
MyVoteSys <α=0.50, β=0.33, γ=0.80, MaxVariance>               1.129333         0.890667              0.0           NaN
MyVoteSys <α=0.50, β=0.33, γ=0.66, MaxStDev>                  1.129333         0.890667              0.0           NaN
PreferentialBlockVoting                                       1.134667         0.885333              0.0           NaN
SingleTransferableVote                                        1.134667         0.885333              0.0           NaN
InstantRunoffVoting                                           1.134667         0.885333              0.0           NaN
crowd-Median                                                  1.136000         0.885333              0.0  22154.931641
crowd-Mean                                                    1.136000         0.885333              0.0  22559.896484
FirstPastThePost (but without tactical voting)                1.149333         0.874667              0.0           NaN
MyVoteSys <α=0.50, β=0.33, γ=0.80, Last>                      1.156000         0.862667              0.0           NaN
MyVoteSys <α=0.50, β=0.33, γ=0.80, MaxEntropy>                1.156000         0.862667              0.0           NaN
MyVoteSys <α=0.80, β=0.33, γ=____, MinEntropy>                1.156000         0.862667              0.0           NaN
MyVoteSys <α=0.50, β=____, γ=0.80, MinVariance>               1.156000         0.862667              0.0           NaN
MyVoteSys <α=0.66, β=____, γ=0.80, Last>                      1.156000         0.862667              0.0           NaN
MyVoteSys <α=0.80, β=0.33, γ=____, First>                     1.156000         0.862667              0.0           NaN
MyVoteSys <α=0.66, β=0.33, γ=0.80, MaxEntropy>                1.156000         0.862667              0.0           NaN
MyVoteSys <α=0.50, β=____, γ=0.80, Last>                      1.156000         0.862667              0.0           NaN
MyVoteSys <α=0.50, β=____, γ=0.80, MaxEntropy>                1.156000         0.862667              0.0           NaN
MyVoteSys <α=0.80, β=____, γ=____, First>                     1.156000         0.862667              0.0           NaN
MyVoteSys <α=0.66, β=0.33, γ=0.80, Last>                      1.156000         0.862667              0.0           NaN
MyVoteSys <α=0.50, β=0.33, γ=0.80, MinVariance>               1.156000         0.862667              0.0           NaN
MyVoteSys <α=0.66, β=____, γ=0.80, MaxEntropy>                1.156000         0.862667              0.0           NaN
MyVoteSys <α=0.66, β=____, γ=0.80, MinVariance>               1.156000         0.862667              0.0           NaN
MyVoteSys <α=0.66, β=0.33, γ=0.80, MinVariance>               1.156000         0.862667              0.0           NaN
MyVoteSys <α=0.80, β=____, γ=____, MinEntropy>                1.156000         0.862667              0.0           NaN
MyVoteSys <α=0.50, β=0.33, γ=0.66, MinVariance>               1.157333         0.865333              0.0           NaN
MyVoteSys <α=0.50, β=____, γ=0.66, MaxEntropy>                1.157333         0.865333              0.0           NaN
MyVoteSys <α=0.66, β=0.33, γ=0.80, MaxVariance>               1.157333         0.865333              0.0           NaN
MyVoteSys <α=0.66, β=0.33, γ=____, MaxVariance>               1.157333         0.865333              0.0           NaN
MyVoteSys <α=0.66, β=0.33, γ=____, MinEntropy>                1.157333         0.865333              0.0           NaN
MyVoteSys <α=0.50, β=0.33, γ=0.66, MaxEntropy>                1.157333         0.865333              0.0           NaN
MyVoteSys <α=0.66, β=0.33, γ=0.80, MaxStDev>                  1.157333         0.865333              0.0           NaN
MyVoteSys <α=0.50, β=0.33, γ=0.66, Last>                      1.157333         0.865333              0.0           NaN
MyVoteSys <α=0.66, β=0.33, γ=____, First>                     1.157333         0.865333              0.0           NaN
MyVoteSys <α=0.66, β=____, γ=0.80, MaxStDev>                  1.157333         0.865333              0.0           NaN
MyVoteSys <α=0.66, β=____, γ=0.80, First>                     1.157333         0.865333              0.0           NaN
MyVoteSys <α=0.66, β=____, γ=0.80, MinEntropy>                1.157333         0.865333              0.0           NaN
MyVoteSys <α=0.66, β=____, γ=____, First>                     1.157333         0.865333              0.0           NaN
MyVoteSys <α=0.66, β=0.33, γ=0.80, First>                     1.157333         0.865333              0.0           NaN
MyVoteSys <α=0.50, β=____, γ=0.66, MinVariance>               1.157333         0.865333              0.0           NaN
MyVoteSys <α=0.50, β=____, γ=0.66, Last>                      1.157333         0.865333              0.0           NaN
MyVoteSys <α=0.66, β=____, γ=____, MinEntropy>                1.157333         0.865333              0.0           NaN
MyVoteSys <α=0.66, β=0.33, γ=0.80, MinEntropy>                1.157333         0.865333              0.0           NaN
MyVoteSys <α=0.66, β=0.33, γ=____, MaxStDev>                  1.157333         0.865333              0.0           NaN
MyVoteSys <α=0.66, β=____, γ=0.80, MaxVariance>               1.157333         0.865333              0.0           NaN
MyVoteSys <α=0.80, β=0.33, γ=____, MaxVariance>               1.158667         0.861333              0.0           NaN
MyVoteSys <α=0.80, β=0.33, γ=____, MaxStDev>                  1.158667         0.861333              0.0           NaN
MyVoteSys <α=0.50, β=____, γ=____, MaxStDev>                  1.273333         0.796000              0.0           NaN
MyVoteSys <α=0.50, β=____, γ=____, MaxVariance>               1.273333         0.796000              0.0           NaN
bestVoter (Dictatorship)                                      1.337333         0.762667              0.0   2424.916992
MyVoteSys <α=0.66, β=____, γ=____, MaxVariance>               1.357333         0.737333              0.0           NaN
MyVoteSys <α=0.66, β=____, γ=____, MaxStDev>                  1.357333         0.737333              0.0           NaN
MyVoteSys <α=0.80, β=0.33, γ=____, MinVariance>               1.378667         0.720000              0.0           NaN
MyVoteSys <α=0.66, β=0.33, γ=____, MinVariance>               1.378667         0.720000              0.0           NaN
MyVoteSys <α=0.50, β=0.33, γ=____, MinVariance>               1.378667         0.720000              0.0           NaN
MyVoteSys <α=0.80, β=____, γ=____, MaxVariance>               1.381333         0.720000              0.0           NaN
MyVoteSys <α=0.80, β=____, γ=____, MaxStDev>                  1.381333         0.720000              0.0           NaN
MyVoteSys <α=0.80, β=____, γ=____, MinVariance>               1.386667         0.718667              0.0           NaN
MyVoteSys <α=0.66, β=____, γ=____, MinVariance>               1.386667         0.718667              0.0           NaN
MyVoteSys <α=0.50, β=____, γ=____, MinVariance>               1.386667         0.718667              0.0           NaN
MyVoteSys <α=0.50, β=0.33, γ=____, Last>                      1.388000         0.714667              0.0           NaN
MyVoteSys <α=0.50, β=0.33, γ=____, MaxEntropy>                1.388000         0.714667              0.0           NaN
MyVoteSys <α=0.80, β=0.33, γ=____, Last>                      1.388000         0.714667              0.0           NaN
MyVoteSys <α=0.80, β=0.33, γ=____, MaxEntropy>                1.388000         0.714667              0.0           NaN
MyVoteSys <α=0.66, β=0.33, γ=____, MaxEntropy>                1.388000         0.714667              0.0           NaN
MyVoteSys <α=0.66, β=0.33, γ=____, Last>                      1.388000         0.714667              0.0           NaN
MaxStandardDeviationWeightedSumWins<α=0.5>                    1.393333         0.713333              0.0           NaN
MaxStandardDeviationProportionalWeightedSumWins<α=0>          1.393333         0.713333              0.0           NaN
MyVoteSys <α=0.50, β=____, γ=____, Last>                      1.393333         0.713333              0.0           NaN
MaxStandardDeviationProportionalWeightedSumWins<α=0.5>        1.393333         0.713333              0.0           NaN
MyVoteSys <α=0.66, β=____, γ=____, MaxEntropy>                1.393333         0.713333              0.0           NaN
MyVoteSys <α=0.80, β=____, γ=____, Last>                      1.393333         0.713333              0.0           NaN
MaxVarianceProportionalWeightedSumWins<α=0.5>                 1.393333         0.713333              0.0           NaN
MaxVarianceProportionalWeightedSumWins<α=0>                   1.393333         0.713333              0.0           NaN
MyVoteSys <α=0.80, β=____, γ=____, MaxEntropy>                1.393333         0.713333              0.0           NaN
MyVoteSys <α=0.50, β=____, γ=____, MaxEntropy>                1.393333         0.713333              0.0           NaN
MyVoteSys <α=0.66, β=____, γ=____, Last>                      1.393333         0.713333              0.0           NaN
MaxVarianceWeightedSumWins<α=0.5>                             1.394667         0.713333              0.0           NaN
MaxVarianceWeightedSumWins<α=0>                               1.394667         0.713333              0.0           NaN
MaxStandardDeviationWeightedSumWins<α=0>                      1.394667         0.713333              0.0           NaN
MinEntropyWeightedSumWins2<α=0>                               2.493333         0.212000              0.0           NaN
MinEntropyProportionalWeightedSumWins2<α=0>                   2.493333         0.212000              0.0           NaN
MinEntropyWeightedSumWins2<α=0.5>                             2.493333         0.212000              0.0           NaN
MinEntropyProportionalWeightedSumWins<α=0>                    2.493333         0.212000              0.0           NaN
MinEntropyProportionalWeightedSumWins<α=0.5>                  2.493333         0.212000              0.0           NaN
MinEntropyWeightedSumWins<α=0>                                2.493333         0.212000              0.0           NaN
MinEntropyWeightedSumWins<α=0.5>                              2.493333         0.212000              0.0           NaN
MinEntropyProportionalWeightedSumWins2<α=0.5>                 2.493333         0.212000              0.0           NaN

