
===== Last Election voting process ======

Stamp Counts Table:
Candidates  1547  113  1288  2131  2826  419  1422  1102  1581  2626  849   93  NullCandidate  413  1577  1022  178  2231  923  753
Stage                                                                                                                              
0             26  131     6     0     0    1   118     0     1     1    3  463              0    0     0     0    0     0    0    0
1             41  134    67     7     0    4   285     0     9     1    5  196              0    0     1     0    0     0    0    0
2             71  201   142    12     8    9   173     1    49     9   24   51              0    0     0     0    0     0    0    0
3            137  116   163    37    23   16    76     2    79    21   51   26              0    0     1     1    0     0    0    1
4            171   66   157    33    17   39    42     5    92    30   84    6              2    1     3     1    0     1    0    0
5            110   54   106    81    37   86    32    15   102    45   65    4              2    3     2     6    0     0    0    0
6             99   24    59    91    56  107    13    25   119    55   69    1             16    3     5     6    0     0    2    0
7             60   11    38    51    94  129     5    35    98    88   51    0             45   13    24     8    0     0    0    0
8             29    8     8    77   118   65     2    58    46    84   51    2             94   43    34    30    0     1    0    0
9              4    2     1    57    78   59     2    41    56    77   41    0            182   43    79    27    0     0    1    0
10             1    1     1    56    78   66     1    51    38    71   38    0            183   66    60    39    0     0    0    0
11             0    1     0    52    72   60     0    67    33    87   76    0            121   52    76    51    1     1    0    0
12             0    0     1    52    62   58     0    75    12    70   99    0             66   78    95    76    4     1    1    0
13             1    0     0    44    76   38     0    80    13    72   54    0             25  107   115   115    5     4    1    0
14             0    1     1    78    29   10     0   122     2    32   31    0              6  182    90   127   25     2    7    5
15             0    0     0    22     1    1     0   146     0     6    2    0              4  111    88   146  143    23   25   32
16             0    0     0     0     1    2     0    20     0     0    4    0              1   38    44    70  273   142   68   87
17             0    0     0     0     0    0     1     7     0     0    1    0              1    6    13    15  146   272  171  117
18             0    0     0     0     0    0     0     0     1     1    1    0              0    0    13    25   91   158  323  137
19             0    0     0     0     0    0     0     0     0     0    0    1              2    4     7     7   62   145  151  371

Processed Vote Counts Table:
Candidates  1547  113  1288  2131  2826  419  1422  1102  1581  2626  849   93  NullCandidate  413  1577  1022  178  2231  923  753
Stage                                                                                                                              
0             26  131     6     0     0    1   118     0     1     1    3  463              0    0     0     0    0     0    0    0
1             67  265    73     7     0    5   403     0    10     2    8  659              0    0     1     0    0     0    0    0
2            138  466   215    19     8   14   576     1    59    11   32  710              0    0     1     0    0     0    0    0
3            275  582   378    56    31   30   652     3   138    32   83  736              0    0     2     1    0     0    0    1
4            446  648   535    89    48   69   694     8   230    62  167  742              2    1     5     2    0     1    0    1
5            556  702   641   170    85  155   726    23   332   107  232  746              4    4     7     8    0     1    0    1
6            655  726   700   261   141  262   739    48   451   162  301  747             20    7    12    14    0     1    2    1
7            715  737   738   312   235  391   744    83   549   250  352  747             65   20    36    22    0     1    2    1
8            744  745   746   389   353  456   746   141   595   334  403  749            159   63    70    52    0     2    2    1
9            748  747   747   446   431  515   748   182   651   411  444  749            341  106   149    79    0     2    3    1
10           749  748   748   502   509  581   749   233   689   482  482  749            524  172   209   118    0     2    3    1
11           749  749   748   554   581  641   749   300   722   569  558  749            645  224   285   169    1     3    3    1
12           749  749   749   606   643  699   749   375   734   639  657  749            711  302   380   245    5     4    4    1
13           750  749   749   650   719  737   749   455   747   711  711  749            736  409   495   360   10     8    5    1
14           750  750   750   728   748  747   749   577   749   743  742  749            742  591   585   487   35    10   12    6
15           750  750   750   750   749  748   749   723   749   749  744  749            746  702   673   633  178    33   37   38
16           750  750   750   750   750  750   749   743   749   749  748  749            747  740   717   703  451   175  105  125
17           750  750   750   750   750  750   750   750   749   749  749  749            748  746   730   718  597   447  276  242
18           750  750   750   750   750  750   750   750   750   750  750  749            748  746   743   743  688   605  599  379
19           750  750   750   750   750  750   750   750   750   750  750  750            750  750   750   750  750   750  750  750

Score(%) of Candidates Table:
Candidates        1547         113        1288        2131        2826         419        1422        1102        1581        2626         849          93  NullCandidate         413        1577        1022         178        2231         923         753
Stage                                                                                                                                                                                                                                                        
0             3.466667   17.466667    0.800000    0.000000    0.000000    0.133333   15.733333    0.000000    0.133333    0.133333    0.400000   61.733333       0.000000    0.000000    0.000000    0.000000    0.000000    0.000000    0.000000    0.000000
1             8.933333   35.333333    9.733333    0.933333    0.000000    0.666667   53.733333    0.000000    1.333333    0.266667    1.066667   87.866667       0.000000    0.000000    0.133333    0.000000    0.000000    0.000000    0.000000    0.000000
2            18.400000   62.133333   28.666667    2.533333    1.066667    1.866667   76.800000    0.133333    7.866667    1.466667    4.266667   94.666667       0.000000    0.000000    0.133333    0.000000    0.000000    0.000000    0.000000    0.000000
3            36.666667   77.600000   50.400000    7.466667    4.133333    4.000000   86.933333    0.400000   18.400000    4.266667   11.066667   98.133333       0.000000    0.000000    0.266667    0.133333    0.000000    0.000000    0.000000    0.133333
4            59.466667   86.400000   71.333333   11.866667    6.400000    9.200000   92.533333    1.066667   30.666667    8.266667   22.266667   98.933333       0.266667    0.133333    0.666667    0.266667    0.000000    0.133333    0.000000    0.133333
5            74.133333   93.600000   85.466667   22.666667   11.333333   20.666667   96.800000    3.066667   44.266667   14.266667   30.933333   99.466667       0.533333    0.533333    0.933333    1.066667    0.000000    0.133333    0.000000    0.133333
6            87.333333   96.800000   93.333333   34.800000   18.800000   34.933333   98.533333    6.400000   60.133333   21.600000   40.133333   99.600000       2.666667    0.933333    1.600000    1.866667    0.000000    0.133333    0.266667    0.133333
7            95.333333   98.266667   98.400000   41.600000   31.333333   52.133333   99.200000   11.066667   73.200000   33.333333   46.933333   99.600000       8.666667    2.666667    4.800000    2.933333    0.000000    0.133333    0.266667    0.133333
8            99.200000   99.333333   99.466667   51.866667   47.066667   60.800000   99.466667   18.800000   79.333333   44.533333   53.733333   99.866667      21.200000    8.400000    9.333333    6.933333    0.000000    0.266667    0.266667    0.133333
9            99.733333   99.600000   99.600000   59.466667   57.466667   68.666667   99.733333   24.266667   86.800000   54.800000   59.200000   99.866667      45.466667   14.133333   19.866667   10.533333    0.000000    0.266667    0.400000    0.133333
10           99.866667   99.733333   99.733333   66.933333   67.866667   77.466667   99.866667   31.066667   91.866667   64.266667   64.266667   99.866667      69.866667   22.933333   27.866667   15.733333    0.000000    0.266667    0.400000    0.133333
11           99.866667   99.866667   99.733333   73.866667   77.466667   85.466667   99.866667   40.000000   96.266667   75.866667   74.400000   99.866667      86.000000   29.866667   38.000000   22.533333    0.133333    0.400000    0.400000    0.133333
12           99.866667   99.866667   99.866667   80.800000   85.733333   93.200000   99.866667   50.000000   97.866667   85.200000   87.600000   99.866667      94.800000   40.266667   50.666667   32.666667    0.666667    0.533333    0.533333    0.133333
13          100.000000   99.866667   99.866667   86.666667   95.866667   98.266667   99.866667   60.666667   99.600000   94.800000   94.800000   99.866667      98.133333   54.533333   66.000000   48.000000    1.333333    1.066667    0.666667    0.133333
14          100.000000  100.000000  100.000000   97.066667   99.733333   99.600000   99.866667   76.933333   99.866667   99.066667   98.933333   99.866667      98.933333   78.800000   78.000000   64.933333    4.666667    1.333333    1.600000    0.800000
15          100.000000  100.000000  100.000000  100.000000   99.866667   99.733333   99.866667   96.400000   99.866667   99.866667   99.200000   99.866667      99.466667   93.600000   89.733333   84.400000   23.733333    4.400000    4.933333    5.066667
16          100.000000  100.000000  100.000000  100.000000  100.000000  100.000000   99.866667   99.066667   99.866667   99.866667   99.733333   99.866667      99.600000   98.666667   95.600000   93.733333   60.133333   23.333333   14.000000   16.666667
17          100.000000  100.000000  100.000000  100.000000  100.000000  100.000000  100.000000  100.000000   99.866667   99.866667   99.866667   99.866667      99.733333   99.466667   97.333333   95.733333   79.600000   59.600000   36.800000   32.266667
18          100.000000  100.000000  100.000000  100.000000  100.000000  100.000000  100.000000  100.000000  100.000000  100.000000  100.000000   99.866667      99.733333   99.466667   99.066667   99.066667   91.733333   80.666667   79.866667   50.533333
19          100.000000  100.000000  100.000000  100.000000  100.000000  100.000000  100.000000  100.000000  100.000000  100.000000  100.000000  100.000000     100.000000  100.000000  100.000000  100.000000  100.000000  100.000000  100.000000  100.000000

                                                 winner  winStage                                                         validStages
algorithm                                                                                                                            
InstantRunoffVoting                                  93       NaN                                                                 NaN
SingleTransferableVote                               93       NaN                                                                 NaN
PreferentialBlockVoting                              93       NaN                                                                 NaN
FirstPastThePost (but without tactical voting)       93       NaN                                                                 NaN
MyVoteSys <α=0.50, β=____, γ=____, First>            93       0.0  [0, 1, 2, 3, 4, 5, 6, 7, 8, 9, 10, 11, 12, 13, 14, 15, 16, 17, 18]
MyVoteSys <α=0.50, β=____, γ=____, Last>           1547      18.0  [0, 1, 2, 3, 4, 5, 6, 7, 8, 9, 10, 11, 12, 13, 14, 15, 16, 17, 18]
MyVoteSys <α=0.50, β=____, γ=____, MinEntropy>       93       0.0  [0, 1, 2, 3, 4, 5, 6, 7, 8, 9, 10, 11, 12, 13, 14, 15, 16, 17, 18]
MyVoteSys <α=0.50, β=____, γ=____, MaxEntropy>     1547      18.0  [0, 1, 2, 3, 4, 5, 6, 7, 8, 9, 10, 11, 12, 13, 14, 15, 16, 17, 18]
MyVoteSys <α=0.50, β=____, γ=____, MinVariance>      93       7.0  [0, 1, 2, 3, 4, 5, 6, 7, 8, 9, 10, 11, 12, 13, 14, 15, 16, 17, 18]
MyVoteSys <α=0.50, β=____, γ=____, MaxVariance>    1547      18.0  [0, 1, 2, 3, 4, 5, 6, 7, 8, 9, 10, 11, 12, 13, 14, 15, 16, 17, 18]
MyVoteSys <α=0.50, β=____, γ=0.66, First>            93       0.0                                                              [0, 1]
MyVoteSys <α=0.50, β=____, γ=0.66, Last>             93       1.0                                                              [0, 1]
MyVoteSys <α=0.50, β=____, γ=0.66, MinEntropy>       93       0.0                                                              [0, 1]
MyVoteSys <α=0.50, β=____, γ=0.66, MaxEntropy>       93       1.0                                                              [0, 1]
MyVoteSys <α=0.50, β=____, γ=0.66, MinVariance>      93       1.0                                                              [0, 1]
MyVoteSys <α=0.50, β=____, γ=0.66, MaxVariance>      93       0.0                                                              [0, 1]
MyVoteSys <α=0.50, β=____, γ=0.80, First>            93       0.0                                                              [0, 1]
MyVoteSys <α=0.50, β=____, γ=0.80, Last>             93       1.0                                                              [0, 1]
MyVoteSys <α=0.50, β=____, γ=0.80, MinEntropy>       93       0.0                                                              [0, 1]
MyVoteSys <α=0.50, β=____, γ=0.80, MaxEntropy>       93       1.0                                                              [0, 1]
MyVoteSys <α=0.50, β=____, γ=0.80, MinVariance>      93       1.0                                                              [0, 1]
MyVoteSys <α=0.50, β=____, γ=0.80, MaxVariance>      93       0.0                                                              [0, 1]
MyVoteSys <α=0.50, β=0.33, γ=____, First>            93       0.0                                         [0, 1, 2, 3, 4, 5, 6, 7, 8]
MyVoteSys <α=0.50, β=0.33, γ=____, Last>             93       8.0                                         [0, 1, 2, 3, 4, 5, 6, 7, 8]
MyVoteSys <α=0.50, β=0.33, γ=____, MinEntropy>       93       0.0                                         [0, 1, 2, 3, 4, 5, 6, 7, 8]
MyVoteSys <α=0.50, β=0.33, γ=____, MaxEntropy>       93       8.0                                         [0, 1, 2, 3, 4, 5, 6, 7, 8]
MyVoteSys <α=0.50, β=0.33, γ=____, MinVariance>      93       7.0                                         [0, 1, 2, 3, 4, 5, 6, 7, 8]
MyVoteSys <α=0.50, β=0.33, γ=____, MaxVariance>      93       0.0                                         [0, 1, 2, 3, 4, 5, 6, 7, 8]
MyVoteSys <α=0.50, β=0.33, γ=0.66, First>            93       0.0                                                              [0, 1]
MyVoteSys <α=0.50, β=0.33, γ=0.66, Last>             93       1.0                                                              [0, 1]
MyVoteSys <α=0.50, β=0.33, γ=0.66, MinEntropy>       93       0.0                                                              [0, 1]
MyVoteSys <α=0.50, β=0.33, γ=0.66, MaxEntropy>       93       1.0                                                              [0, 1]
MyVoteSys <α=0.50, β=0.33, γ=0.66, MinVariance>      93       1.0                                                              [0, 1]
MyVoteSys <α=0.50, β=0.33, γ=0.66, MaxVariance>      93       0.0                                                              [0, 1]
MyVoteSys <α=0.50, β=0.33, γ=0.80, First>            93       0.0                                                              [0, 1]
MyVoteSys <α=0.50, β=0.33, γ=0.80, Last>             93       1.0                                                              [0, 1]
MyVoteSys <α=0.50, β=0.33, γ=0.80, MinEntropy>       93       0.0                                                              [0, 1]
MyVoteSys <α=0.50, β=0.33, γ=0.80, MaxEntropy>       93       1.0                                                              [0, 1]
MyVoteSys <α=0.50, β=0.33, γ=0.80, MinVariance>      93       1.0                                                              [0, 1]
MyVoteSys <α=0.50, β=0.33, γ=0.80, MaxVariance>      93       0.0                                                              [0, 1]
MyVoteSys <α=0.66, β=____, γ=____, First>            93       1.0     [1, 2, 3, 4, 5, 6, 7, 8, 9, 10, 11, 12, 13, 14, 15, 16, 17, 18]
MyVoteSys <α=0.66, β=____, γ=____, Last>           1547      18.0     [1, 2, 3, 4, 5, 6, 7, 8, 9, 10, 11, 12, 13, 14, 15, 16, 17, 18]
MyVoteSys <α=0.66, β=____, γ=____, MinEntropy>       93       1.0     [1, 2, 3, 4, 5, 6, 7, 8, 9, 10, 11, 12, 13, 14, 15, 16, 17, 18]
MyVoteSys <α=0.66, β=____, γ=____, MaxEntropy>     1547      18.0     [1, 2, 3, 4, 5, 6, 7, 8, 9, 10, 11, 12, 13, 14, 15, 16, 17, 18]
MyVoteSys <α=0.66, β=____, γ=____, MinVariance>      93       7.0     [1, 2, 3, 4, 5, 6, 7, 8, 9, 10, 11, 12, 13, 14, 15, 16, 17, 18]
MyVoteSys <α=0.66, β=____, γ=____, MaxVariance>    1547      18.0     [1, 2, 3, 4, 5, 6, 7, 8, 9, 10, 11, 12, 13, 14, 15, 16, 17, 18]
MyVoteSys <α=0.66, β=____, γ=0.80, First>            93       1.0                                                                 [1]
MyVoteSys <α=0.66, β=____, γ=0.80, Last>             93       1.0                                                                 [1]
MyVoteSys <α=0.66, β=____, γ=0.80, MinEntropy>       93       1.0                                                                 [1]
MyVoteSys <α=0.66, β=____, γ=0.80, MaxEntropy>       93       1.0                                                                 [1]
MyVoteSys <α=0.66, β=____, γ=0.80, MinVariance>      93       1.0                                                                 [1]
MyVoteSys <α=0.66, β=____, γ=0.80, MaxVariance>      93       1.0                                                                 [1]
MyVoteSys <α=0.66, β=0.33, γ=____, First>            93       1.0                                            [1, 2, 3, 4, 5, 6, 7, 8]
MyVoteSys <α=0.66, β=0.33, γ=____, Last>             93       8.0                                            [1, 2, 3, 4, 5, 6, 7, 8]
MyVoteSys <α=0.66, β=0.33, γ=____, MinEntropy>       93       1.0                                            [1, 2, 3, 4, 5, 6, 7, 8]
MyVoteSys <α=0.66, β=0.33, γ=____, MaxEntropy>       93       8.0                                            [1, 2, 3, 4, 5, 6, 7, 8]
MyVoteSys <α=0.66, β=0.33, γ=____, MinVariance>      93       7.0                                            [1, 2, 3, 4, 5, 6, 7, 8]
MyVoteSys <α=0.66, β=0.33, γ=____, MaxVariance>      93       1.0                                            [1, 2, 3, 4, 5, 6, 7, 8]
MyVoteSys <α=0.66, β=0.33, γ=0.80, First>            93       1.0                                                                 [1]
MyVoteSys <α=0.66, β=0.33, γ=0.80, Last>             93       1.0                                                                 [1]
MyVoteSys <α=0.66, β=0.33, γ=0.80, MinEntropy>       93       1.0                                                                 [1]
MyVoteSys <α=0.66, β=0.33, γ=0.80, MaxEntropy>       93       1.0                                                                 [1]
MyVoteSys <α=0.66, β=0.33, γ=0.80, MinVariance>      93       1.0                                                                 [1]
MyVoteSys <α=0.66, β=0.33, γ=0.80, MaxVariance>      93       1.0                                                                 [1]
MyVoteSys <α=0.80, β=____, γ=____, First>            93       1.0     [1, 2, 3, 4, 5, 6, 7, 8, 9, 10, 11, 12, 13, 14, 15, 16, 17, 18]
MyVoteSys <α=0.80, β=____, γ=____, Last>           1547      18.0     [1, 2, 3, 4, 5, 6, 7, 8, 9, 10, 11, 12, 13, 14, 15, 16, 17, 18]
MyVoteSys <α=0.80, β=____, γ=____, MinEntropy>       93       1.0     [1, 2, 3, 4, 5, 6, 7, 8, 9, 10, 11, 12, 13, 14, 15, 16, 17, 18]
MyVoteSys <α=0.80, β=____, γ=____, MaxEntropy>     1547      18.0     [1, 2, 3, 4, 5, 6, 7, 8, 9, 10, 11, 12, 13, 14, 15, 16, 17, 18]
MyVoteSys <α=0.80, β=____, γ=____, MinVariance>      93       7.0     [1, 2, 3, 4, 5, 6, 7, 8, 9, 10, 11, 12, 13, 14, 15, 16, 17, 18]
MyVoteSys <α=0.80, β=____, γ=____, MaxVariance>    1547      18.0     [1, 2, 3, 4, 5, 6, 7, 8, 9, 10, 11, 12, 13, 14, 15, 16, 17, 18]
MyVoteSys <α=0.80, β=0.33, γ=____, First>            93       1.0                                            [1, 2, 3, 4, 5, 6, 7, 8]
MyVoteSys <α=0.80, β=0.33, γ=____, Last>             93       8.0                                            [1, 2, 3, 4, 5, 6, 7, 8]
MyVoteSys <α=0.80, β=0.33, γ=____, MinEntropy>       93       1.0                                            [1, 2, 3, 4, 5, 6, 7, 8]
MyVoteSys <α=0.80, β=0.33, γ=____, MaxEntropy>       93       8.0                                            [1, 2, 3, 4, 5, 6, 7, 8]
MyVoteSys <α=0.80, β=0.33, γ=____, MinVariance>      93       7.0                                            [1, 2, 3, 4, 5, 6, 7, 8]
MyVoteSys <α=0.80, β=0.33, γ=____, MaxVariance>      93       1.0                                            [1, 2, 3, 4, 5, 6, 7, 8]
bestVoter (Dictatorship)                             93       NaN                                                                 NaN
crowd-Mean                                           93       NaN                                                                 NaN
crowd-Median                                         93       NaN                                                                 NaN 

Last Election Candidates:
                        y
Candidates               
753           -269.920200
923           -257.442194
2231          -228.054772
178           -206.067501
1102          -100.235369
413            -70.085424
1022           -67.990024
1577           -64.237622
2826           -15.351369
2626           -11.728021
NullCandidate   -3.467414
2131            -0.611239
419             17.561502
849             33.500885
1581            77.991921
1547           105.144610
1288           117.383107
113            166.773151
1422           205.588426
93             258.386382

Voters Validation Mean Squared Error:
[9578.39, 9879.23, 3370.89, 5944.95, 11066.33, 15920.16, 10566.09, 10038.83, 6465.57, 11820.68, 11065.12, 3761.3, 13229.39, 7651.96, 8741.65, 11375.16, 10704.21, 17925.44, 9671.4, 10242.32, 9033.38, 9177.07, 12162.01, 9187.9, 12619.44, 7732.5, 11704.41, 10888.51, 11008.44, 16138.15, 12681.52, 13021.34, 16253.98, 7221.12, 16265.03, 8344.79, 7165.81, 7516.3, 8387.54, 8402.27, 14722.75, 12727.13, 8680.13, 7154.77, 10698.82, 9719.2, 9840.12, 4328.79, 8304.32, 9825.68, 12332.11, 11525.94, 10753.08, 8908.74, 8230.63, 11875.59, 9388.45, 11402.24, 5579.15, 14486.26, 6298.05, 10713.55, 10767.78, 12078.32, 6979.58, 12323.62, 9905.77, 2360.6, 5887.52, 6530.19, 6453.62, 10407.53, 12267.13, 8689.02, 7654.49, 11058.85, 16287.02, 10454.35, 5508.8, 10070.0, 8542.08, 7697.29, 12312.01, 7953.42, 11690.33, 8707.16, 6967.36, 7710.6, 11867.86, 11820.77, 12463.49, 8897.68, 11969.26, 7210.34, 8215.68, 12692.75, 9479.32, 8195.91, 5272.06, 15781.5, 12584.35, 11155.79, 6892.3, 12203.5, 9575.69, 11494.16, 8821.45, 8679.03, 11861.49, 7831.52, 18350.84, 11651.27, 7588.48, 7311.98, 13621.76, 12048.11, 10934.58, 9841.17, 10706.99, 6064.61, 11346.87, 5927.54, 4102.99, 1486.63, 9587.25, 7198.33, 7219.8, 6671.39, 11229.5, 5914.59, 5271.73, 10960.72, 12267.75, 6325.69, 7406.48, 8810.42, 12341.5, 5848.41, 6628.27, 10807.17, 14510.8, 14910.34, 11707.53, 5837.17, 10765.7, 7718.18, 5855.8, 7552.44, 7628.56, 14454.66, 11904.91, 5443.05, 11915.96, 6175.78, 9433.05, 14245.3, 14019.4, 15512.86, 6814.36, 7110.48, 3260.23, 10305.0, 9627.39, 13001.62, 7640.86, 5985.92, 10225.06, 10681.83, 7564.59, 15052.96, 5847.2, 9182.07, 10745.89, 7976.9, 11535.71, 7145.11, 8421.07, 6983.79, 9426.13, 9176.34, 12240.27, 9739.26, 8508.2, 9348.39, 9481.57, 12710.72, 7803.74, 4871.24, 8993.8, 11093.93, 5049.25, 7873.89, 16126.22, 7922.54, 8747.53, 9158.28, 12414.06, 13864.26, 11892.06, 8173.36, 9808.53, 11088.68, 11362.86, 14504.04, 5242.87, 9012.13, 12510.98, 11654.14, 8723.53, 10179.57, 8653.26, 14014.4, 13794.99, 13070.35, 13492.79, 9543.63, 10684.06, 9141.91, 11845.84, 11416.59, 11169.02, 10704.29, 5636.67, 15207.18, 7993.41, 13644.99, 10490.61, 7397.98, 10978.1, 7812.84, 14036.87, 7931.7, 9728.29, 8026.37, 12015.44, 13324.15, 13976.98, 4849.1, 8771.89, 9546.0, 6248.98, 8758.27, 13742.09, 7033.86, 11035.58, 12893.79, 8952.39, 9135.86, 11006.06, 10166.15, 12304.23, 4589.23, 8929.66, 11293.13, 7718.25, 17657.28, 7638.01, 8450.91, 7645.29, 9360.89, 10828.1, 9729.86, 9646.7, 8279.31, 11553.45, 15563.17, 9390.05, 6951.34, 6573.83, 8448.55, 10887.83, 9147.74, 4050.35, 10736.91, 9989.31, 4284.95, 6822.43, 7761.75, 8330.19, 9960.08, 12906.68, 10063.93, 7278.82, 9621.41, 11855.27, 9342.7, 9632.18, 13026.54, 6497.95, 4111.64, 9223.78, 7937.72, 15419.19, 8857.47, 5812.8, 6322.0, 11576.5, 10220.05, 9171.37, 10088.19, 10423.96, 7367.06, 10553.22, 12171.55, 9479.74, 6643.4, 8858.67, 14196.89, 5889.05, 10185.0, 8496.3, 6319.65, 9705.74, 13270.76, 9344.37, 8854.25, 9192.54, 8303.02, 3856.82, 7583.66, 15274.92, 4156.96, 12952.17, 7784.46, 8812.83, 7526.12, 12308.91, 9989.01, 10358.87, 12361.0, 11351.19, 5070.44, 7731.57, 7496.91, 12214.55, 12988.83, 3888.15, 14652.32, 4808.49, 5874.68, 10803.36, 6771.21, 10501.82, 13197.64, 11876.55, 5577.41, 12197.22, 11493.03, 9703.4, 8907.52, 14272.89, 13562.17, 10609.6, 12693.36, 15801.44, 7409.69, 4144.93, 12250.84, 5524.26, 9453.65, 6896.93, 7452.27, 13989.84, 5054.69, 7507.51, 9333.74, 7281.73, 5220.5, 14506.55, 14941.01, 9148.65, 12379.23, 9830.9, 9752.73, 14206.85, 6131.47, 13569.18, 15046.82, 10945.46, 9012.89, 10131.81, 12686.09, 4063.99, 11140.5, 6350.89, 10143.33, 9721.79, 5587.73, 8138.62, 7680.0, 9404.69, 6744.62, 8987.58, 12688.27, 12603.21, 6124.58, 8868.49, 14100.0, 8094.34, 6436.22, 8725.5, 12302.38, 11217.88, 13401.8, 7387.69, 10027.46, 8071.67, 11597.75, 10564.71, 10337.52, 12956.84, 7252.68, 9241.66, 10241.67, 10335.44, 9943.67, 11883.04, 6023.08, 8595.2, 9970.1, 3802.53, 6643.52, 7981.46, 17374.59, 12314.46, 7824.9, 10308.29, 7749.71, 11292.26, 10562.42, 11627.62, 10938.89, 13452.22, 5542.04, 10922.64, 7449.24, 11806.08, 8796.84, 9034.28, 11561.66, 8934.51, 9170.79, 6324.18, 8887.52, 10035.66, 13282.63, 6330.3, 8598.39, 6917.23, 8951.8, 10079.83, 4939.04, 10837.38, 11103.65, 10440.34, 4394.1, 11511.21, 13540.82, 3832.73, 6219.28, 7288.85, 7565.57, 13571.94, 9841.55, 10272.97, 13426.03, 12982.05, 14380.56, 9728.61, 12724.81, 7211.02, 12353.46, 13872.7, 7823.8, 7949.59, 9400.32, 10309.93, 9651.87, 10604.76, 8345.47, 2952.76, 10278.35, 10683.14, 11944.36, 2420.88, 14696.15, 12116.44, 12519.89, 7350.97, 12422.97, 7619.73, 10852.72, 10541.2, 11801.46, 9977.17, 9972.67, 8392.46, 11584.18, 4617.63, 6902.57, 10797.49, 12496.06, 6242.26, 9109.92, 10534.97, 8115.7, 10967.2, 10298.6, 8585.61, 2904.59, 6297.56, 10156.9, 11271.02, 4946.93, 9601.16, 12555.09, 10477.6, 6010.11, 8630.45, 9234.56, 7588.83, 11864.96, 3326.72, 9239.26, 8728.11, 8115.96, 10304.86, 10008.19, 8802.48, 9643.92, 5869.09, 10625.45, 6772.62, 9896.75, 11713.06, 8998.54, 8477.68, 15492.85, 4765.2, 6260.28, 5741.79, 12029.02, 13609.21, 8676.88, 8961.21, 7712.26, 7455.69, 10850.9, 10314.37, 12445.04, 11228.35, 2027.22, 12175.76, 7490.81, 12238.17, 10082.21, 7068.69, 12361.54, 11422.95, 8375.37, 10155.92, 9698.86, 9016.71, 9798.68, 10975.47, 11697.59, 5444.01, 12115.21, 9955.02, 11602.13, 6033.54, 9017.41, 7659.69, 8411.19, 11812.38, 8863.68, 10863.88, 8289.91, 8552.95, 7361.35, 6099.27, 9108.12, 10201.2, 15521.37, 5669.3, 6587.12, 7742.44, 8428.25, 13643.77, 4041.12, 7136.64, 13404.63, 11173.84, 8205.66, 5333.2, 13456.23, 4137.73, 10499.15, 14572.57, 11098.63, 7876.37, 12101.62, 12721.67, 6555.39, 14947.17, 7023.23, 7000.06, 8167.12, 9729.47, 12971.27, 9435.95, 13458.46, 8763.5, 5602.34, 9616.3, 10665.05, 8754.17, 8810.68, 15469.98, 7205.97, 13997.91, 9468.81, 11476.0, 11155.9, 5271.98, 10113.43, 7209.42, 13001.94, 4799.22, 10987.55, 12764.46, 9213.44, 3034.37, 10481.53, 13992.64, 8151.83, 11553.41, 11469.37, 13575.12, 6756.83, 7056.91, 9181.03, 11861.98, 6043.13, 10451.37, 8860.99, 13239.41, 10829.3, 11654.47, 10944.26, 10527.07, 7300.47, 8542.01, 12007.16, 10796.35, 9170.64, 8526.8, 8529.12, 13130.83, 9289.05, 9992.2, 10888.82, 5868.73, 9630.87, 8491.35, 9099.44, 14535.85, 15497.23, 12144.52, 9596.25, 5496.36, 10015.43, 7566.43, 7251.32, 13227.67, 7072.08, 11332.03, 9521.29, 15436.25, 10591.56, 6536.49, 6550.65, 8081.63, 14566.36, 9569.6, 3648.41, 7930.41, 11079.81, 8544.94, 10478.32, 8044.53, 7595.16, 5610.11, 5529.67, 13388.72, 14794.96, 9019.2, 5473.75, 11014.24, 11118.53, 9277.96, 11187.39, 12355.32, 7923.19, 12410.8, 5653.93, 8042.04, 10321.93, 9614.18, 6963.5, 15826.28, 9922.32, 6718.95, 13813.86, 8912.46, 8798.16, 8816.86, 14763.6, 11385.52, 7366.42, 14861.51, 4069.49, 13769.97, 14998.54, 10056.57, 5663.91, 3475.77, 13042.8, 7993.7, 9019.57, 9864.67, 7555.34, 9610.8, 9699.9, 11866.77, 8683.12, 5323.87, 9560.6, 11085.95, 10895.05, 14111.01, 10636.85, 6071.25, 8622.35, 6424.18, 6847.15, 10076.63, 8347.99, 9988.64, 6907.22]

Voters Validation Mean Error:
[97.87, 99.39, 58.06, 77.1, 105.2, 126.18, 102.79, 100.19, 80.41, 108.72, 105.19, 61.33, 115.02, 87.48, 93.5, 106.65, 103.46, 133.89, 98.34, 101.2, 95.04, 95.8, 110.28, 95.85, 112.34, 87.93, 108.19, 104.35, 104.92, 127.04, 112.61, 114.11, 127.49, 84.98, 127.53, 91.35, 84.65, 86.7, 91.58, 91.66, 121.34, 112.81, 93.17, 84.59, 103.44, 98.59, 99.2, 65.79, 91.13, 99.12, 111.05, 107.36, 103.7, 94.39, 90.72, 108.98, 96.89, 106.78, 74.69, 120.36, 79.36, 103.51, 103.77, 109.9, 83.54, 111.01, 99.53, 48.59, 76.73, 80.81, 80.33, 102.02, 110.76, 93.21, 87.49, 105.16, 127.62, 102.25, 74.22, 100.35, 92.42, 87.73, 110.96, 89.18, 108.12, 93.31, 83.47, 87.81, 108.94, 108.72, 111.64, 94.33, 109.4, 84.91, 90.64, 112.66, 97.36, 90.53, 72.61, 125.62, 112.18, 105.62, 83.02, 110.47, 97.86, 107.21, 93.92, 93.16, 108.91, 88.5, 135.47, 107.94, 87.11, 85.51, 116.71, 109.76, 104.57, 99.2, 103.47, 77.88, 106.52, 76.99, 64.05, 38.56, 97.91, 84.84, 84.97, 81.68, 105.97, 76.91, 72.61, 104.69, 110.76, 79.53, 86.06, 93.86, 111.09, 76.47, 81.41, 103.96, 120.46, 122.11, 108.2, 76.4, 103.76, 87.85, 76.52, 86.9, 87.34, 120.23, 109.11, 73.78, 109.16, 78.59, 97.12, 119.35, 118.4, 124.55, 82.55, 84.32, 57.1, 101.51, 98.12, 114.02, 87.41, 77.37, 101.12, 103.35, 86.97, 122.69, 76.47, 95.82, 103.66, 89.31, 107.4, 84.53, 91.77, 83.57, 97.09, 95.79, 110.64, 98.69, 92.24, 96.69, 97.37, 112.74, 88.34, 69.79, 94.84, 105.33, 71.06, 88.73, 126.99, 89.01, 93.53, 95.7, 111.42, 117.75, 109.05, 90.41, 99.04, 105.3, 106.6, 120.43, 72.41, 94.93, 111.85, 107.95, 93.4, 100.89, 93.02, 118.38, 117.45, 114.33, 116.16, 97.69, 103.36, 95.61, 108.84, 106.85, 105.68, 103.46, 75.08, 123.32, 89.41, 116.81, 102.42, 86.01, 104.78, 88.39, 118.48, 89.06, 98.63, 89.59, 109.61, 115.43, 118.22, 69.64, 93.66, 97.7, 79.05, 93.59, 117.23, 83.87, 105.05, 113.55, 94.62, 95.58, 104.91, 100.83, 110.92, 67.74, 94.5, 106.27, 87.85, 132.88, 87.4, 91.93, 87.44, 96.75, 104.06, 98.64, 98.22, 90.99, 107.49, 124.75, 96.9, 83.37, 81.08, 91.92, 104.34, 95.64, 63.64, 103.62, 99.95, 65.46, 82.6, 88.1, 91.27, 99.8, 113.61, 100.32, 85.32, 98.09, 108.88, 96.66, 98.14, 114.13, 80.61, 64.12, 96.04, 89.09, 124.17, 94.11, 76.24, 79.51, 107.59, 101.09, 95.77, 100.44, 102.1, 85.83, 102.73, 110.32, 97.36, 81.51, 94.12, 119.15, 76.74, 100.92, 92.18, 79.5, 98.52, 115.2, 96.67, 94.1, 95.88, 91.12, 62.1, 87.08, 123.59, 64.47, 113.81, 88.23, 93.88, 86.75, 110.95, 99.95, 101.78, 111.18, 106.54, 71.21, 87.93, 86.58, 110.52, 113.97, 62.36, 121.05, 69.34, 76.65, 103.94, 82.29, 102.48, 114.88, 108.98, 74.68, 110.44, 107.21, 98.51, 94.38, 119.47, 116.46, 103.0, 112.66, 125.7, 86.08, 64.38, 110.68, 74.33, 97.23, 83.05, 86.33, 118.28, 71.1, 86.65, 96.61, 85.33, 72.25, 120.44, 122.23, 95.65, 111.26, 99.15, 98.76, 119.19, 78.3, 116.49, 122.67, 104.62, 94.94, 100.66, 112.63, 63.75, 105.55, 79.69, 100.71, 98.6, 74.75, 90.21, 87.64, 96.98, 82.13, 94.8, 112.64, 112.26, 78.26, 94.17, 118.74, 89.97, 80.23, 93.41, 110.92, 105.91, 115.77, 85.95, 100.14, 89.84, 107.69, 102.78, 101.67, 113.83, 85.16, 96.13, 101.2, 101.66, 99.72, 109.01, 77.61, 92.71, 99.85, 61.66, 81.51, 89.34, 131.81, 110.97, 88.46, 101.53, 88.03, 106.27, 102.77, 107.83, 104.59, 115.98, 74.44, 104.51, 86.31, 108.66, 93.79, 95.05, 107.53, 94.52, 95.76, 79.52, 94.27, 100.18, 115.25, 79.56, 92.73, 83.17, 94.61, 100.4, 70.28, 104.1, 105.37, 102.18, 66.29, 107.29, 116.37, 61.91, 78.86, 85.37, 86.98, 116.5, 99.2, 101.36, 115.87, 113.94, 119.92, 98.63, 112.8, 84.92, 111.15, 117.78, 88.45, 89.16, 96.96, 101.54, 98.24, 102.98, 91.35, 54.34, 101.38, 103.36, 109.29, 49.2, 121.23, 110.07, 111.89, 85.74, 111.46, 87.29, 104.18, 102.67, 108.63, 99.89, 99.86, 91.61, 107.63, 67.95, 83.08, 103.91, 111.79, 79.01, 95.45, 102.64, 90.09, 104.72, 101.48, 92.66, 53.89, 79.36, 100.78, 106.17, 70.33, 97.99, 112.05, 102.36, 77.52, 92.9, 96.1, 87.11, 108.93, 57.68, 96.12, 93.42, 90.09, 101.51, 100.04, 93.82, 98.2, 76.61, 103.08, 82.3, 99.48, 108.23, 94.86, 92.07, 124.47, 69.03, 79.12, 75.77, 109.68, 116.66, 93.15, 94.66, 87.82, 86.35, 104.17, 101.56, 111.56, 105.96, 45.02, 110.34, 86.55, 110.63, 100.41, 84.08, 111.18, 106.88, 91.52, 100.78, 98.48, 94.96, 98.99, 104.76, 108.16, 73.78, 110.07, 99.77, 107.71, 77.68, 94.96, 87.52, 91.71, 108.68, 94.15, 104.23, 91.05, 92.48, 85.8, 78.1, 95.44, 101.0, 124.58, 75.29, 81.16, 87.99, 91.81, 116.81, 63.57, 84.48, 115.78, 105.71, 90.59, 73.03, 116.0, 64.33, 102.47, 120.72, 105.35, 88.75, 110.01, 112.79, 80.97, 122.26, 83.8, 83.67, 90.37, 98.64, 113.89, 97.14, 116.01, 93.61, 74.85, 98.06, 103.27, 93.56, 93.87, 124.38, 84.89, 118.31, 97.31, 107.13, 105.62, 72.61, 100.57, 84.91, 114.03, 69.28, 104.82, 112.98, 95.99, 55.09, 102.38, 118.29, 90.29, 107.49, 107.1, 116.51, 82.2, 84.01, 95.82, 108.91, 77.74, 102.23, 94.13, 115.06, 104.06, 107.96, 104.61, 102.6, 85.44, 92.42, 109.58, 103.91, 95.76, 92.34, 92.35, 114.59, 96.38, 99.96, 104.35, 76.61, 98.14, 92.15, 95.39, 120.56, 124.49, 110.2, 97.96, 74.14, 100.08, 86.99, 85.15, 115.01, 84.1, 106.45, 97.58, 124.24, 102.92, 80.85, 80.94, 89.9, 120.69, 97.82, 60.4, 89.05, 105.26, 92.44, 102.36, 89.69, 87.15, 74.9, 74.36, 115.71, 121.63, 94.97, 73.98, 104.95, 105.44, 96.32, 105.77, 111.15, 89.01, 111.4, 75.19, 89.68, 101.6, 98.05, 83.45, 125.8, 99.61, 81.97, 117.53, 94.41, 93.8, 93.9, 121.51, 106.7, 85.83, 121.91, 63.79, 117.35, 122.47, 100.28, 75.26, 58.96, 114.21, 89.41, 94.97, 99.32, 86.92, 98.03, 98.49, 108.93, 93.18, 72.96, 97.78, 105.29, 104.38, 118.79, 103.14, 77.92, 92.86, 80.15, 82.75, 100.38, 91.37, 99.94, 83.11]

numCandiates : 20
numVoters : 750
numElections : 750
columnBlindness : 1
epochs : 166
trainableLayerCount : 1
crowdBuildMethod : {'name': 'standardDistribution', 'mean': 10000, 'standardDeviation': 3000}
dataSetName : mySynthetic
predictedFeature : y

========= SIMULATION RESULTS ========
Metrics                                          meanWinnerRank  rateTrueWinners  rateWinner<NULL  val_Mean²Err
Algorithms                                                                                                     
crowd-Median                                           1.098667         0.914667         0.000000  19565.126953
crowd-Mean                                             1.098667         0.914667         0.000000  19936.396484
SingleTransferableVote                                 1.112000         0.908000         0.000000           NaN
PreferentialBlockVoting                                1.112000         0.908000         0.000000           NaN
InstantRunoffVoting                                    1.112000         0.908000         0.000000           NaN
MyVoteSys <α=0.50, β=0.33, γ=0.66, MaxVariance>        1.118667         0.902667         0.000000           NaN
MyVoteSys <α=0.50, β=0.33, γ=____, MinEntropy>         1.118667         0.902667         0.000000           NaN
MyVoteSys <α=0.50, β=0.33, γ=0.66, First>              1.118667         0.902667         0.000000           NaN
MyVoteSys <α=0.50, β=0.33, γ=____, First>              1.118667         0.902667         0.000000           NaN
MyVoteSys <α=0.50, β=____, γ=____, MinEntropy>         1.118667         0.902667         0.000000           NaN
MyVoteSys <α=0.50, β=0.33, γ=0.80, First>              1.118667         0.902667         0.000000           NaN
MyVoteSys <α=0.50, β=____, γ=____, First>              1.118667         0.902667         0.000000           NaN
MyVoteSys <α=0.50, β=0.33, γ=0.80, MaxVariance>        1.118667         0.902667         0.000000           NaN
MyVoteSys <α=0.50, β=0.33, γ=0.66, MinEntropy>         1.118667         0.902667         0.000000           NaN
MyVoteSys <α=0.50, β=0.33, γ=____, MaxVariance>        1.118667         0.902667         0.000000           NaN
MyVoteSys <α=0.50, β=____, γ=0.66, MinEntropy>         1.118667         0.902667         0.000000           NaN
MyVoteSys <α=0.50, β=____, γ=0.80, First>              1.118667         0.902667         0.000000           NaN
MyVoteSys <α=0.50, β=____, γ=0.80, MaxVariance>        1.118667         0.902667         0.000000           NaN
MyVoteSys <α=0.50, β=____, γ=0.80, MinEntropy>         1.118667         0.902667         0.000000           NaN
MyVoteSys <α=0.50, β=____, γ=0.66, MaxVariance>        1.118667         0.902667         0.000000           NaN
MyVoteSys <α=0.50, β=0.33, γ=0.80, MinEntropy>         1.118667         0.902667         0.000000           NaN
MyVoteSys <α=0.50, β=____, γ=0.66, First>              1.118667         0.902667         0.000000           NaN
FirstPastThePost (but without tactical voting)         1.126667         0.902667         0.000000           NaN
MyVoteSys <α=0.66, β=____, γ=0.80, First>              1.149333         0.880000         0.000000           NaN
MyVoteSys <α=0.66, β=____, γ=____, First>              1.149333         0.880000         0.000000           NaN
MyVoteSys <α=0.50, β=0.33, γ=0.66, MinVariance>        1.149333         0.880000         0.000000           NaN
MyVoteSys <α=0.66, β=0.33, γ=0.80, MinEntropy>         1.149333         0.880000         0.000000           NaN
MyVoteSys <α=0.66, β=0.33, γ=____, First>              1.149333         0.880000         0.000000           NaN
MyVoteSys <α=0.66, β=0.33, γ=0.80, MaxVariance>        1.149333         0.880000         0.000000           NaN
MyVoteSys <α=0.66, β=0.33, γ=____, MaxVariance>        1.149333         0.880000         0.000000           NaN
MyVoteSys <α=0.50, β=____, γ=0.66, MinVariance>        1.149333         0.880000         0.000000           NaN
MyVoteSys <α=0.66, β=____, γ=0.80, MaxVariance>        1.149333         0.880000         0.000000           NaN
MyVoteSys <α=0.50, β=____, γ=0.66, Last>               1.149333         0.880000         0.000000           NaN
MyVoteSys <α=0.50, β=0.33, γ=0.66, Last>               1.149333         0.880000         0.000000           NaN
MyVoteSys <α=0.66, β=____, γ=____, MinEntropy>         1.149333         0.880000         0.000000           NaN
MyVoteSys <α=0.50, β=0.33, γ=0.66, MaxEntropy>         1.149333         0.880000         0.000000           NaN
MyVoteSys <α=0.66, β=0.33, γ=____, MinEntropy>         1.149333         0.880000         0.000000           NaN
MyVoteSys <α=0.66, β=____, γ=0.80, MinEntropy>         1.149333         0.880000         0.000000           NaN
MyVoteSys <α=0.66, β=0.33, γ=0.80, First>              1.149333         0.880000         0.000000           NaN
MyVoteSys <α=0.50, β=____, γ=0.66, MaxEntropy>         1.149333         0.880000         0.000000           NaN
MyVoteSys <α=0.66, β=0.33, γ=0.80, MinVariance>        1.164000         0.864000         0.000000           NaN
MyVoteSys <α=0.50, β=0.33, γ=0.80, MaxEntropy>         1.164000         0.864000         0.000000           NaN
MyVoteSys <α=0.80, β=0.33, γ=____, MinEntropy>         1.164000         0.864000         0.000000           NaN
MyVoteSys <α=0.50, β=____, γ=0.80, MinVariance>        1.164000         0.864000         0.000000           NaN
MyVoteSys <α=0.50, β=0.33, γ=0.80, Last>               1.164000         0.864000         0.000000           NaN
MyVoteSys <α=0.50, β=0.33, γ=0.80, MinVariance>        1.164000         0.864000         0.000000           NaN
MyVoteSys <α=0.66, β=____, γ=0.80, MaxEntropy>         1.164000         0.864000         0.000000           NaN
MyVoteSys <α=0.80, β=____, γ=____, MinEntropy>         1.164000         0.864000         0.000000           NaN
MyVoteSys <α=0.80, β=0.33, γ=____, First>              1.164000         0.864000         0.000000           NaN
MyVoteSys <α=0.66, β=0.33, γ=0.80, MaxEntropy>         1.164000         0.864000         0.000000           NaN
MyVoteSys <α=0.66, β=____, γ=0.80, Last>               1.164000         0.864000         0.000000           NaN
MyVoteSys <α=0.80, β=____, γ=____, First>              1.164000         0.864000         0.000000           NaN
MyVoteSys <α=0.50, β=____, γ=0.80, MaxEntropy>         1.164000         0.864000         0.000000           NaN
MyVoteSys <α=0.66, β=____, γ=0.80, MinVariance>        1.164000         0.864000         0.000000           NaN
MyVoteSys <α=0.50, β=____, γ=0.80, Last>               1.164000         0.864000         0.000000           NaN
MyVoteSys <α=0.66, β=0.33, γ=0.80, Last>               1.164000         0.864000         0.000000           NaN
MyVoteSys <α=0.80, β=0.33, γ=____, MaxVariance>        1.166667         0.862667         0.000000           NaN
bestVoter (Dictatorship)                               1.317333         0.780000         0.000000   1486.634888
MyVoteSys <α=0.80, β=0.33, γ=____, MinVariance>        1.532000         0.646667         0.000000           NaN
MyVoteSys <α=0.66, β=0.33, γ=____, MinVariance>        1.532000         0.646667         0.000000           NaN
MyVoteSys <α=0.50, β=0.33, γ=____, MinVariance>        1.532000         0.646667         0.000000           NaN
MyVoteSys <α=0.50, β=0.33, γ=____, Last>               1.673333         0.604000         0.000000           NaN
MyVoteSys <α=0.80, β=0.33, γ=____, Last>               1.673333         0.604000         0.000000           NaN
MyVoteSys <α=0.66, β=0.33, γ=____, MaxEntropy>         1.673333         0.604000         0.000000           NaN
MyVoteSys <α=0.66, β=0.33, γ=____, Last>               1.673333         0.604000         0.000000           NaN
MyVoteSys <α=0.80, β=0.33, γ=____, MaxEntropy>         1.673333         0.604000         0.000000           NaN
MyVoteSys <α=0.50, β=0.33, γ=____, MaxEntropy>         1.673333         0.604000         0.000000           NaN
MyVoteSys <α=0.80, β=____, γ=____, MinVariance>        1.716000         0.576000         0.001333           NaN
MyVoteSys <α=0.50, β=____, γ=____, MinVariance>        1.716000         0.576000         0.001333           NaN
MyVoteSys <α=0.66, β=____, γ=____, MinVariance>        1.716000         0.576000         0.001333           NaN
MyVoteSys <α=0.50, β=____, γ=____, MaxVariance>        1.925333         0.580000         0.004000           NaN
MyVoteSys <α=0.66, β=____, γ=____, MaxVariance>        2.122667         0.494667         0.004000           NaN
MyVoteSys <α=0.80, β=____, γ=____, MaxVariance>        2.217333         0.448000         0.004000           NaN
MyVoteSys <α=0.80, β=____, γ=____, MaxEntropy>         2.274667         0.422667         0.004000           NaN
MyVoteSys <α=0.50, β=____, γ=____, MaxEntropy>         2.274667         0.422667         0.004000           NaN
MyVoteSys <α=0.66, β=____, γ=____, Last>               2.274667         0.422667         0.004000           NaN
MyVoteSys <α=0.66, β=____, γ=____, MaxEntropy>         2.274667         0.422667         0.004000           NaN
MyVoteSys <α=0.80, β=____, γ=____, Last>               2.274667         0.422667         0.004000           NaN
MyVoteSys <α=0.50, β=____, γ=____, Last>               2.274667         0.422667         0.004000           NaN

