
===== Last Election voting process ======

Stamp Counts Table:
Candidates  489  1470  1762  2569  NullCandidate  1946  2011  2085  2487  925  2091  407  1556  2417  2132  2187  1769  789  2867  1018
Stage                                                                                                                                  
0            51    47   154    55              0    60    27    41     3    9    11   20    17     0     2     1     0    2     0     0
1            90    47    59    49              0    70    26    59    24   10    18   18    17     1     4     0     5    3     0     0
2            90    48    61    54              3    45    25    33    34   17    27   20    19     1    10     3     4    6     0     0
3            79    49    41    51              7    48    35    35    40   23    23   23    15    10     8     9     4    0     0     0
4            52    95    32    46             12    25    27    41    32   17    23   26    16    21     6    19     6    4     0     0
5            40    58    24    37             20    36    41    49    31   22    25   30    37    15    10    12     4    8     1     0
6            30    42    27    48             50    27    29    23    46   33    14   21    36    25    10    15    17    6     1     0
7            22    21    34    27             56    32    40    23    27   49    29   32    21    14    16    19    21   12     5     0
8            18    19    15    26             83    23    27    26    33   39    24   33    19    29     9    33    29   10     5     0
9             4    16    15    24             88    22    38    26    25   33    21   34    27    21    18    28    32   15    13     0
10            8    20    13    29             56    18    24    19    37   25    36   21    46    26    24    33    21   22    22     0
11            8    17     6    12             51    18    21    24    25   36    29   24    53    39    24    40    29   19    23     2
12            5    14     6    18             28    15    38    22    37   29    41   23    32    42    20    30    41   31    27     1
13            3     6     6    13             20    12    23    13    18   32    31   43    37    59    37    50    32   36    28     1
14            0     1     3     4             17    18    33    18    20   39    29   25    31    44    47    38    59   45    24     5
15            0     0     3     5              7    21    19     6    18   35    37   45    25    48    57    41    41   43    39    10
16            0     0     1     2              2     8    17    18    15   18    41   34    19    46    71    50    37   49    50    22
17            0     0     0     0              0     2     9    16    27   17    24   17    19    29    55    38    62   74    70    41
18            0     0     0     0              0     0     1     8     8   17    14    7     7    21    61    28    41   78   114    95
19            0     0     0     0              0     0     0     0     0    0     3    4     7     9    11    13    15   37    78   323

Processed Vote Counts Table:
Candidates  489  1470  1762  2569  NullCandidate  1946  2011  2085  2487  925  2091  407  1556  2417  2132  2187  1769  789  2867  1018
Stage                                                                                                                                  
0            51    47   154    55              0    60    27    41     3    9    11   20    17     0     2     1     0    2     0     0
1           141    94   213   104              0   130    53   100    27   19    29   38    34     1     6     1     5    5     0     0
2           231   142   274   158              3   175    78   133    61   36    56   58    53     2    16     4     9   11     0     0
3           310   191   315   209             10   223   113   168   101   59    79   81    68    12    24    13    13   11     0     0
4           362   286   347   255             22   248   140   209   133   76   102  107    84    33    30    32    19   15     0     0
5           402   344   371   292             42   284   181   258   164   98   127  137   121    48    40    44    23   23     1     0
6           432   386   398   340             92   311   210   281   210  131   141  158   157    73    50    59    40   29     2     0
7           454   407   432   367            148   343   250   304   237  180   170  190   178    87    66    78    61   41     7     0
8           472   426   447   393            231   366   277   330   270  219   194  223   197   116    75   111    90   51    12     0
9           476   442   462   417            319   388   315   356   295  252   215  257   224   137    93   139   122   66    25     0
10          484   462   475   446            375   406   339   375   332  277   251  278   270   163   117   172   143   88    47     0
11          492   479   481   458            426   424   360   399   357  313   280  302   323   202   141   212   172  107    70     2
12          497   493   487   476            454   439   398   421   394  342   321  325   355   244   161   242   213  138    97     3
13          500   499   493   489            474   451   421   434   412  374   352  368   392   303   198   292   245  174   125     4
14          500   500   496   493            491   469   454   452   432  413   381  393   423   347   245   330   304  219   149     9
15          500   500   499   498            498   490   473   458   450  448   418  438   448   395   302   371   345  262   188    19
16          500   500   500   500            500   498   490   476   465  466   459  472   467   441   373   421   382  311   238    41
17          500   500   500   500            500   500   499   492   492  483   483  489   486   470   428   459   444  385   308    82
18          500   500   500   500            500   500   500   500   500  500   497  496   493   491   489   487   485  463   422   177
19          500   500   500   500            500   500   500   500   500  500   500  500   500   500   500   500   500  500   500   500

Score(%) of Candidates Table:
Candidates    489   1470   1762   2569  NullCandidate   1946   2011   2085   2487    925   2091    407   1556   2417   2132   2187   1769    789   2867   1018
Stage                                                                                                                                                         
0            10.2    9.4   30.8   11.0            0.0   12.0    5.4    8.2    0.6    1.8    2.2    4.0    3.4    0.0    0.4    0.2    0.0    0.4    0.0    0.0
1            28.2   18.8   42.6   20.8            0.0   26.0   10.6   20.0    5.4    3.8    5.8    7.6    6.8    0.2    1.2    0.2    1.0    1.0    0.0    0.0
2            46.2   28.4   54.8   31.6            0.6   35.0   15.6   26.6   12.2    7.2   11.2   11.6   10.6    0.4    3.2    0.8    1.8    2.2    0.0    0.0
3            62.0   38.2   63.0   41.8            2.0   44.6   22.6   33.6   20.2   11.8   15.8   16.2   13.6    2.4    4.8    2.6    2.6    2.2    0.0    0.0
4            72.4   57.2   69.4   51.0            4.4   49.6   28.0   41.8   26.6   15.2   20.4   21.4   16.8    6.6    6.0    6.4    3.8    3.0    0.0    0.0
5            80.4   68.8   74.2   58.4            8.4   56.8   36.2   51.6   32.8   19.6   25.4   27.4   24.2    9.6    8.0    8.8    4.6    4.6    0.2    0.0
6            86.4   77.2   79.6   68.0           18.4   62.2   42.0   56.2   42.0   26.2   28.2   31.6   31.4   14.6   10.0   11.8    8.0    5.8    0.4    0.0
7            90.8   81.4   86.4   73.4           29.6   68.6   50.0   60.8   47.4   36.0   34.0   38.0   35.6   17.4   13.2   15.6   12.2    8.2    1.4    0.0
8            94.4   85.2   89.4   78.6           46.2   73.2   55.4   66.0   54.0   43.8   38.8   44.6   39.4   23.2   15.0   22.2   18.0   10.2    2.4    0.0
9            95.2   88.4   92.4   83.4           63.8   77.6   63.0   71.2   59.0   50.4   43.0   51.4   44.8   27.4   18.6   27.8   24.4   13.2    5.0    0.0
10           96.8   92.4   95.0   89.2           75.0   81.2   67.8   75.0   66.4   55.4   50.2   55.6   54.0   32.6   23.4   34.4   28.6   17.6    9.4    0.0
11           98.4   95.8   96.2   91.6           85.2   84.8   72.0   79.8   71.4   62.6   56.0   60.4   64.6   40.4   28.2   42.4   34.4   21.4   14.0    0.4
12           99.4   98.6   97.4   95.2           90.8   87.8   79.6   84.2   78.8   68.4   64.2   65.0   71.0   48.8   32.2   48.4   42.6   27.6   19.4    0.6
13          100.0   99.8   98.6   97.8           94.8   90.2   84.2   86.8   82.4   74.8   70.4   73.6   78.4   60.6   39.6   58.4   49.0   34.8   25.0    0.8
14          100.0  100.0   99.2   98.6           98.2   93.8   90.8   90.4   86.4   82.6   76.2   78.6   84.6   69.4   49.0   66.0   60.8   43.8   29.8    1.8
15          100.0  100.0   99.8   99.6           99.6   98.0   94.6   91.6   90.0   89.6   83.6   87.6   89.6   79.0   60.4   74.2   69.0   52.4   37.6    3.8
16          100.0  100.0  100.0  100.0          100.0   99.6   98.0   95.2   93.0   93.2   91.8   94.4   93.4   88.2   74.6   84.2   76.4   62.2   47.6    8.2
17          100.0  100.0  100.0  100.0          100.0  100.0   99.8   98.4   98.4   96.6   96.6   97.8   97.2   94.0   85.6   91.8   88.8   77.0   61.6   16.4
18          100.0  100.0  100.0  100.0          100.0  100.0  100.0  100.0  100.0  100.0   99.4   99.2   98.6   98.2   97.8   97.4   97.0   92.6   84.4   35.4
19          100.0  100.0  100.0  100.0          100.0  100.0  100.0  100.0  100.0  100.0  100.0  100.0  100.0  100.0  100.0  100.0  100.0  100.0  100.0  100.0

                                                 winner  winStage                                                   validStages
algorithm                                                                                                                      
InstantRunoffVoting                                1762       NaN                                                           NaN
SingleTransferableVote                             1762       NaN                                                           NaN
PreferentialBlockVoting                            1762       NaN                                                           NaN
FirstPastThePost (but without tactical voting)     1762       NaN                                                           NaN
MyVoteSys <α=0.50, β=____, γ=____, First>          1762       2.0  [2, 3, 4, 5, 6, 7, 8, 9, 10, 11, 12, 13, 14, 15, 16, 17, 18]
MyVoteSys <α=0.50, β=____, γ=____, Last>            489      18.0  [2, 3, 4, 5, 6, 7, 8, 9, 10, 11, 12, 13, 14, 15, 16, 17, 18]
MyVoteSys <α=0.50, β=____, γ=____, MinEntropy>     1762       2.0  [2, 3, 4, 5, 6, 7, 8, 9, 10, 11, 12, 13, 14, 15, 16, 17, 18]
MyVoteSys <α=0.50, β=____, γ=____, MaxEntropy>      489      18.0  [2, 3, 4, 5, 6, 7, 8, 9, 10, 11, 12, 13, 14, 15, 16, 17, 18]
MyVoteSys <α=0.50, β=____, γ=____, MinVariance>     489      10.0  [2, 3, 4, 5, 6, 7, 8, 9, 10, 11, 12, 13, 14, 15, 16, 17, 18]
MyVoteSys <α=0.50, β=____, γ=____, MaxVariance>     489      18.0  [2, 3, 4, 5, 6, 7, 8, 9, 10, 11, 12, 13, 14, 15, 16, 17, 18]
MyVoteSys <α=0.50, β=____, γ=0.66, First>          1762       2.0                                                     [2, 3, 4]
MyVoteSys <α=0.50, β=____, γ=0.66, Last>            489       4.0                                                     [2, 3, 4]
MyVoteSys <α=0.50, β=____, γ=0.66, MinEntropy>     1762       2.0                                                     [2, 3, 4]
MyVoteSys <α=0.50, β=____, γ=0.66, MaxEntropy>      489       4.0                                                     [2, 3, 4]
MyVoteSys <α=0.50, β=____, γ=0.66, MinVariance>     489       4.0                                                     [2, 3, 4]
MyVoteSys <α=0.50, β=____, γ=0.66, MaxVariance>    1762       2.0                                                     [2, 3, 4]
MyVoteSys <α=0.50, β=____, γ=0.80, First>          1762       2.0                                                  [2, 3, 4, 5]
MyVoteSys <α=0.50, β=____, γ=0.80, Last>            489       5.0                                                  [2, 3, 4, 5]
MyVoteSys <α=0.50, β=____, γ=0.80, MinEntropy>     1762       2.0                                                  [2, 3, 4, 5]
MyVoteSys <α=0.50, β=____, γ=0.80, MaxEntropy>      489       5.0                                                  [2, 3, 4, 5]
MyVoteSys <α=0.50, β=____, γ=0.80, MinVariance>     489       5.0                                                  [2, 3, 4, 5]
MyVoteSys <α=0.50, β=____, γ=0.80, MaxVariance>    1762       2.0                                                  [2, 3, 4, 5]
MyVoteSys <α=0.50, β=0.33, γ=____, First>          1762       2.0                                            [2, 3, 4, 5, 6, 7]
MyVoteSys <α=0.50, β=0.33, γ=____, Last>            489       7.0                                            [2, 3, 4, 5, 6, 7]
MyVoteSys <α=0.50, β=0.33, γ=____, MinEntropy>     1762       2.0                                            [2, 3, 4, 5, 6, 7]
MyVoteSys <α=0.50, β=0.33, γ=____, MaxEntropy>      489       7.0                                            [2, 3, 4, 5, 6, 7]
MyVoteSys <α=0.50, β=0.33, γ=____, MinVariance>     489       7.0                                            [2, 3, 4, 5, 6, 7]
MyVoteSys <α=0.50, β=0.33, γ=____, MaxVariance>    1762       2.0                                            [2, 3, 4, 5, 6, 7]
MyVoteSys <α=0.50, β=0.33, γ=0.66, First>          1762       2.0                                                     [2, 3, 4]
MyVoteSys <α=0.50, β=0.33, γ=0.66, Last>            489       4.0                                                     [2, 3, 4]
MyVoteSys <α=0.50, β=0.33, γ=0.66, MinEntropy>     1762       2.0                                                     [2, 3, 4]
MyVoteSys <α=0.50, β=0.33, γ=0.66, MaxEntropy>      489       4.0                                                     [2, 3, 4]
MyVoteSys <α=0.50, β=0.33, γ=0.66, MinVariance>     489       4.0                                                     [2, 3, 4]
MyVoteSys <α=0.50, β=0.33, γ=0.66, MaxVariance>    1762       2.0                                                     [2, 3, 4]
MyVoteSys <α=0.50, β=0.33, γ=0.80, First>          1762       2.0                                                  [2, 3, 4, 5]
MyVoteSys <α=0.50, β=0.33, γ=0.80, Last>            489       5.0                                                  [2, 3, 4, 5]
MyVoteSys <α=0.50, β=0.33, γ=0.80, MinEntropy>     1762       2.0                                                  [2, 3, 4, 5]
MyVoteSys <α=0.50, β=0.33, γ=0.80, MaxEntropy>      489       5.0                                                  [2, 3, 4, 5]
MyVoteSys <α=0.50, β=0.33, γ=0.80, MinVariance>     489       5.0                                                  [2, 3, 4, 5]
MyVoteSys <α=0.50, β=0.33, γ=0.80, MaxVariance>    1762       2.0                                                  [2, 3, 4, 5]
MyVoteSys <α=0.66, β=____, γ=____, First>           489       4.0        [4, 5, 6, 7, 8, 9, 10, 11, 12, 13, 14, 15, 16, 17, 18]
MyVoteSys <α=0.66, β=____, γ=____, Last>            489      18.0        [4, 5, 6, 7, 8, 9, 10, 11, 12, 13, 14, 15, 16, 17, 18]
MyVoteSys <α=0.66, β=____, γ=____, MinEntropy>      489       4.0        [4, 5, 6, 7, 8, 9, 10, 11, 12, 13, 14, 15, 16, 17, 18]
MyVoteSys <α=0.66, β=____, γ=____, MaxEntropy>      489      18.0        [4, 5, 6, 7, 8, 9, 10, 11, 12, 13, 14, 15, 16, 17, 18]
MyVoteSys <α=0.66, β=____, γ=____, MinVariance>     489      10.0        [4, 5, 6, 7, 8, 9, 10, 11, 12, 13, 14, 15, 16, 17, 18]
MyVoteSys <α=0.66, β=____, γ=____, MaxVariance>     489      18.0        [4, 5, 6, 7, 8, 9, 10, 11, 12, 13, 14, 15, 16, 17, 18]
MyVoteSys <α=0.66, β=____, γ=0.80, First>           489       4.0                                                        [4, 5]
MyVoteSys <α=0.66, β=____, γ=0.80, Last>            489       5.0                                                        [4, 5]
MyVoteSys <α=0.66, β=____, γ=0.80, MinEntropy>      489       4.0                                                        [4, 5]
MyVoteSys <α=0.66, β=____, γ=0.80, MaxEntropy>      489       5.0                                                        [4, 5]
MyVoteSys <α=0.66, β=____, γ=0.80, MinVariance>     489       5.0                                                        [4, 5]
MyVoteSys <α=0.66, β=____, γ=0.80, MaxVariance>     489       4.0                                                        [4, 5]
MyVoteSys <α=0.66, β=0.33, γ=____, First>           489       4.0                                                  [4, 5, 6, 7]
MyVoteSys <α=0.66, β=0.33, γ=____, Last>            489       7.0                                                  [4, 5, 6, 7]
MyVoteSys <α=0.66, β=0.33, γ=____, MinEntropy>      489       4.0                                                  [4, 5, 6, 7]
MyVoteSys <α=0.66, β=0.33, γ=____, MaxEntropy>      489       7.0                                                  [4, 5, 6, 7]
MyVoteSys <α=0.66, β=0.33, γ=____, MinVariance>     489       7.0                                                  [4, 5, 6, 7]
MyVoteSys <α=0.66, β=0.33, γ=____, MaxVariance>     489       4.0                                                  [4, 5, 6, 7]
MyVoteSys <α=0.66, β=0.33, γ=0.80, First>           489       4.0                                                        [4, 5]
MyVoteSys <α=0.66, β=0.33, γ=0.80, Last>            489       5.0                                                        [4, 5]
MyVoteSys <α=0.66, β=0.33, γ=0.80, MinEntropy>      489       4.0                                                        [4, 5]
MyVoteSys <α=0.66, β=0.33, γ=0.80, MaxEntropy>      489       5.0                                                        [4, 5]
MyVoteSys <α=0.66, β=0.33, γ=0.80, MinVariance>     489       5.0                                                        [4, 5]
MyVoteSys <α=0.66, β=0.33, γ=0.80, MaxVariance>     489       4.0                                                        [4, 5]
MyVoteSys <α=0.80, β=____, γ=____, First>           489       5.0           [5, 6, 7, 8, 9, 10, 11, 12, 13, 14, 15, 16, 17, 18]
MyVoteSys <α=0.80, β=____, γ=____, Last>            489      18.0           [5, 6, 7, 8, 9, 10, 11, 12, 13, 14, 15, 16, 17, 18]
MyVoteSys <α=0.80, β=____, γ=____, MinEntropy>      489       5.0           [5, 6, 7, 8, 9, 10, 11, 12, 13, 14, 15, 16, 17, 18]
MyVoteSys <α=0.80, β=____, γ=____, MaxEntropy>      489      18.0           [5, 6, 7, 8, 9, 10, 11, 12, 13, 14, 15, 16, 17, 18]
MyVoteSys <α=0.80, β=____, γ=____, MinVariance>     489      10.0           [5, 6, 7, 8, 9, 10, 11, 12, 13, 14, 15, 16, 17, 18]
MyVoteSys <α=0.80, β=____, γ=____, MaxVariance>     489      18.0           [5, 6, 7, 8, 9, 10, 11, 12, 13, 14, 15, 16, 17, 18]
MyVoteSys <α=0.80, β=0.33, γ=____, First>           489       5.0                                                     [5, 6, 7]
MyVoteSys <α=0.80, β=0.33, γ=____, Last>            489       7.0                                                     [5, 6, 7]
MyVoteSys <α=0.80, β=0.33, γ=____, MinEntropy>      489       5.0                                                     [5, 6, 7]
MyVoteSys <α=0.80, β=0.33, γ=____, MaxEntropy>      489       7.0                                                     [5, 6, 7]
MyVoteSys <α=0.80, β=0.33, γ=____, MinVariance>     489       7.0                                                     [5, 6, 7]
MyVoteSys <α=0.80, β=0.33, γ=____, MaxVariance>     489       5.0                                                     [5, 6, 7]
bestVoter (Dictatorship)                           1762       NaN                                                           NaN
crowd-Mean                                         1762       NaN                                                           NaN
crowd-Median                                       1762       NaN                                                           NaN 

Last Election Candidates:
                        y
Candidates               
1018          -368.328371
2867          -271.173196
789           -182.205452
2132          -113.318196
2417          -110.085416
1769           -99.534615
2187           -58.858381
925            -34.134992
1556           -30.904851
2487           -24.226022
2011            -5.245254
407             -4.020455
NullCandidate   -3.467414
2091             6.142240
2085            86.739899
1470            93.117169
1946           102.936201
2569           111.553819
1762           115.559516
489            137.305246

Voters Validation Mean Squared Error:
[8505.03, 10244.01, 11007.81, 8252.73, 10475.35, 10071.37, 10044.63, 10096.57, 9832.71, 9573.88, 9798.57, 9738.52, 9538.06, 8966.94, 8808.51, 10755.28, 10782.65, 10581.5, 10014.47, 9596.85, 11551.85, 9318.39, 11242.08, 10479.27, 9182.65, 9657.53, 9759.67, 9059.88, 8695.8, 9271.29, 8712.04, 9489.79, 10113.21, 10505.04, 9902.56, 10671.44, 11126.48, 11738.36, 8311.88, 9380.78, 10453.17, 10367.68, 9697.9, 10457.91, 9806.86, 9758.46, 9753.19, 9633.8, 9813.96, 8765.49, 9382.22, 10544.07, 10753.48, 8660.17, 8680.86, 9597.62, 9870.41, 8906.12, 10862.17, 10677.92, 10056.4, 10909.32, 10454.96, 7835.13, 9175.3, 10571.48, 9370.28, 10550.47, 8273.28, 8433.85, 11241.74, 8976.15, 9350.81, 10991.52, 9712.23, 10093.59, 9547.59, 9211.23, 10653.61, 9303.07, 10552.68, 10922.97, 8288.0, 8168.9, 9034.66, 10764.01, 9575.36, 7747.02, 9771.95, 10155.42, 9787.44, 9578.64, 10438.98, 10724.16, 9485.46, 8911.96, 8769.45, 11273.4, 9098.14, 8904.39, 8892.21, 8782.77, 8945.03, 9603.71, 10309.83, 8593.16, 8350.19, 9003.91, 7927.38, 9806.45, 11016.08, 9472.01, 11147.11, 10309.57, 10358.64, 8908.96, 8891.37, 9849.63, 9341.45, 7988.14, 9296.43, 9425.12, 9981.99, 8788.93, 10357.91, 9788.81, 9708.64, 10576.83, 9117.84, 9997.79, 10171.56, 9032.26, 9076.56, 10705.99, 10180.0, 10667.79, 9448.55, 9721.18, 7808.17, 10189.82, 8634.15, 10208.73, 10298.82, 10116.87, 8762.34, 10375.43, 8955.55, 9777.34, 9794.5, 10480.87, 9801.94, 10209.48, 9481.91, 10091.03, 8903.06, 9341.36, 10562.09, 10810.23, 8908.51, 9764.84, 8687.73, 10080.44, 9621.81, 10175.1, 9505.66, 11065.02, 9382.41, 9265.6, 8580.46, 11019.58, 9137.24, 10039.17, 10826.3, 10825.43, 10754.98, 8969.85, 9606.71, 9935.39, 10297.13, 10212.67, 9344.21, 9421.11, 9905.59, 10584.36, 10676.33, 9494.97, 10638.27, 9636.3, 10553.39, 9798.42, 9914.28, 9364.85, 9836.85, 8197.51, 11047.82, 8291.38, 9507.07, 10789.72, 10341.56, 8778.01, 9788.61, 9665.41, 10974.04, 9079.48, 10676.27, 7830.57, 9353.89, 9582.19, 9247.86, 10359.53, 9973.55, 8203.98, 10473.97, 8608.46, 9695.91, 9751.75, 9541.61, 8962.4, 9240.9, 9967.16, 12242.3, 9928.7, 10527.22, 8638.92, 11689.98, 9528.49, 10176.88, 8911.36, 11258.59, 10301.34, 10604.0, 8663.07, 9538.17, 10552.87, 10272.79, 9777.82, 9683.68, 9320.13, 11064.26, 8905.51, 8774.0, 9644.61, 9262.44, 9831.72, 9291.95, 9460.82, 8114.51, 9356.75, 9014.33, 9385.95, 11023.76, 9990.44, 9290.5, 11147.51, 9390.05, 10845.14, 7549.95, 9903.62, 10209.6, 9940.23, 11266.76, 9922.14, 10088.95, 9359.11, 6908.48, 10282.04, 8497.57, 11453.31, 10891.54, 9103.87, 8942.31, 10839.83, 9555.4, 9359.17, 9790.15, 9284.43, 9125.22, 8591.2, 10116.22, 8511.37, 10090.78, 11953.7, 10516.55, 10391.24, 8749.24, 10403.87, 8586.24, 8989.93, 8973.47, 8566.02, 9831.23, 10917.11, 10592.92, 9925.49, 8419.26, 10022.6, 9687.7, 9778.59, 10039.41, 8878.64, 8939.77, 9313.63, 9127.99, 10611.49, 11410.0, 8605.67, 9658.08, 11184.06, 11442.72, 10337.95, 10369.87, 8911.06, 10546.3, 9146.55, 12465.76, 10437.45, 9637.94, 9996.46, 10164.5, 8572.89, 10377.49, 8849.44, 10759.31, 10340.85, 10350.91, 10428.08, 9473.75, 10139.0, 8948.72, 10136.95, 10204.31, 8858.18, 9994.76, 10696.74, 10652.11, 8767.2, 9396.68, 10115.67, 9182.66, 10356.32, 8014.85, 8607.23, 10250.78, 9117.38, 9236.45, 9987.78, 9924.06, 8602.37, 9554.82, 8998.4, 8615.59, 9592.86, 11575.82, 8188.12, 10755.58, 9309.17, 9279.33, 10555.99, 9503.33, 8877.6, 10354.52, 9492.6, 10739.79, 10034.52, 10000.34, 10744.87, 8680.41, 9346.77, 9221.84, 8847.47, 10390.97, 9302.85, 12261.69, 10191.77, 10933.81, 8947.49, 9251.22, 9084.46, 8652.94, 9220.24, 9494.96, 8569.27, 10439.14, 10289.56, 10224.08, 8668.54, 8729.47, 10722.25, 10952.17, 11432.07, 9774.74, 9573.05, 9561.57, 9842.19, 9237.57, 9836.52, 10021.59, 9583.79, 8779.47, 8845.53, 10044.54, 9755.02, 8896.03, 8908.6, 8825.77, 10492.45, 9426.51, 10915.82, 9344.23, 9047.08, 8556.08, 9208.32, 10633.92, 10340.51, 9206.18, 8118.61, 9416.27, 7824.21, 9987.13, 9215.23, 9364.57, 9558.23, 10077.47, 9697.58, 9554.4, 8002.29, 9874.47, 8626.04, 10930.89, 10678.01, 10217.1, 9140.3, 8760.49, 9033.47, 10669.63, 9123.25, 9216.03, 10579.26, 11083.79, 8655.97, 9222.76, 7824.5, 10266.54, 9682.06, 9049.43, 10337.01, 9535.57, 9817.61, 8977.07, 9946.47, 9798.6, 9229.24, 9018.57, 11242.37, 10845.62, 10080.34, 10188.11, 7554.29, 8419.48, 8191.79, 10099.41, 10386.36, 10182.86, 9066.33, 10370.09, 11693.18, 9869.82, 11200.55, 8583.99, 9694.33, 10086.29, 9221.28, 8712.97, 9153.58, 10418.16, 11288.02, 8940.26, 9567.82, 10175.82, 10545.69, 8773.54, 10031.03, 10849.16, 10920.45, 8526.26, 9855.69, 10205.98, 8487.5, 11813.7, 10861.46, 8383.8, 8883.13, 8697.74, 9839.95, 9613.5, 9318.44, 9447.62, 9358.91, 10012.63, 10678.58]

Voters Validation Mean Error:
[92.22, 101.21, 104.92, 90.84, 102.35, 100.36, 100.22, 100.48, 99.16, 97.85, 98.99, 98.68, 97.66, 94.69, 93.85, 103.71, 103.84, 102.87, 100.07, 97.96, 107.48, 96.53, 106.03, 102.37, 95.83, 98.27, 98.79, 95.18, 93.25, 96.29, 93.34, 97.42, 100.56, 102.49, 99.51, 103.3, 105.48, 108.34, 91.17, 96.85, 102.24, 101.82, 98.48, 102.26, 99.03, 98.78, 98.76, 98.15, 99.07, 93.62, 96.86, 102.68, 103.7, 93.06, 93.17, 97.97, 99.35, 94.37, 104.22, 103.33, 100.28, 104.45, 102.25, 88.52, 95.79, 102.82, 96.8, 102.72, 90.96, 91.84, 106.03, 94.74, 96.7, 104.84, 98.55, 100.47, 97.71, 95.98, 103.22, 96.45, 102.73, 104.51, 91.04, 90.38, 95.05, 103.75, 97.85, 88.02, 98.85, 100.77, 98.93, 97.87, 102.17, 103.56, 97.39, 94.4, 93.65, 106.18, 95.38, 94.36, 94.3, 93.72, 94.58, 98.0, 101.54, 92.7, 91.38, 94.89, 89.04, 99.03, 104.96, 97.32, 105.58, 101.54, 101.78, 94.39, 94.29, 99.25, 96.65, 89.38, 96.42, 97.08, 99.91, 93.75, 101.77, 98.94, 98.53, 102.84, 95.49, 99.99, 100.85, 95.04, 95.27, 103.47, 100.9, 103.29, 97.2, 98.6, 88.36, 100.94, 92.92, 101.04, 101.48, 100.58, 93.61, 101.86, 94.63, 98.88, 98.97, 102.38, 99.0, 101.04, 97.38, 100.45, 94.36, 96.65, 102.77, 103.97, 94.38, 98.82, 93.21, 100.4, 98.09, 100.87, 97.5, 105.19, 96.86, 96.26, 92.63, 104.97, 95.59, 100.2, 104.05, 104.05, 103.71, 94.71, 98.01, 99.68, 101.47, 101.06, 96.67, 97.06, 99.53, 102.88, 103.33, 97.44, 103.14, 98.16, 102.73, 98.99, 99.57, 96.77, 99.18, 90.54, 105.11, 91.06, 97.5, 103.87, 101.69, 93.69, 98.94, 98.31, 104.76, 95.29, 103.33, 88.49, 96.72, 97.89, 96.17, 101.78, 99.87, 90.58, 102.34, 92.78, 98.47, 98.75, 97.68, 94.67, 96.13, 99.84, 110.64, 99.64, 102.6, 92.95, 108.12, 97.61, 100.88, 94.4, 106.11, 101.5, 102.98, 93.08, 97.66, 102.73, 101.35, 98.88, 98.41, 96.54, 105.19, 94.37, 93.67, 98.21, 96.24, 99.16, 96.39, 97.27, 90.08, 96.73, 94.94, 96.88, 104.99, 99.95, 96.39, 105.58, 96.9, 104.14, 86.89, 99.52, 101.04, 99.7, 106.14, 99.61, 100.44, 96.74, 83.12, 101.4, 92.18, 107.02, 104.36, 95.41, 94.56, 104.11, 97.75, 96.74, 98.95, 96.36, 95.53, 92.69, 100.58, 92.26, 100.45, 109.33, 102.55, 101.94, 93.54, 102.0, 92.66, 94.82, 94.73, 92.55, 99.15, 104.48, 102.92, 99.63, 91.76, 100.11, 98.43, 98.89, 100.2, 94.23, 94.55, 96.51, 95.54, 103.01, 106.82, 92.77, 98.28, 105.75, 106.97, 101.68, 101.83, 94.4, 102.7, 95.64, 111.65, 102.16, 98.17, 99.98, 100.82, 92.59, 101.87, 94.07, 103.73, 101.69, 101.74, 102.12, 97.33, 100.69, 94.6, 100.68, 101.02, 94.12, 99.97, 103.43, 103.21, 93.63, 96.94, 100.58, 95.83, 101.77, 89.53, 92.78, 101.25, 95.48, 96.11, 99.94, 99.62, 92.75, 97.75, 94.86, 92.82, 97.94, 107.59, 90.49, 103.71, 96.48, 96.33, 102.74, 97.49, 94.22, 101.76, 97.43, 103.63, 100.17, 100.0, 103.66, 93.17, 96.68, 96.03, 94.06, 101.94, 96.45, 110.73, 100.95, 104.56, 94.59, 96.18, 95.31, 93.02, 96.02, 97.44, 92.57, 102.17, 101.44, 101.11, 93.1, 93.43, 103.55, 104.65, 106.92, 98.87, 97.84, 97.78, 99.21, 96.11, 99.18, 100.11, 97.9, 93.7, 94.05, 100.22, 98.77, 94.32, 94.39, 93.95, 102.43, 97.09, 104.48, 96.67, 95.12, 92.5, 95.96, 103.12, 101.69, 95.95, 90.1, 97.04, 88.45, 99.94, 96.0, 96.77, 97.77, 100.39, 98.48, 97.75, 89.46, 99.37, 92.88, 104.55, 103.33, 101.08, 95.6, 93.6, 95.04, 103.29, 95.52, 96.0, 102.86, 105.28, 93.04, 96.04, 88.46, 101.32, 98.4, 95.13, 101.67, 97.65, 99.08, 94.75, 99.73, 98.99, 96.07, 94.97, 106.03, 104.14, 100.4, 100.94, 86.92, 91.76, 90.51, 100.5, 101.91, 100.91, 95.22, 101.83, 108.14, 99.35, 105.83, 92.65, 98.46, 100.43, 96.03, 93.34, 95.67, 102.07, 106.25, 94.55, 97.82, 100.88, 102.69, 93.67, 100.16, 104.16, 104.5, 92.34, 99.28, 101.02, 92.13, 108.69, 104.22, 91.56, 94.25, 93.26, 99.2, 98.05, 96.53, 97.2, 96.74, 100.06, 103.34]

numCandiates : 20
numVoters : 500
numElections : 1000
columnBlindness : 5
epochs : 66
trainableLayerCount : 1
crowdBuildMethod : {'name': 'standardDistribution', 'mean': 9500, 'standardDeviation': 1000}
dataSetName : mySynthetic
predictedFeature : y

========= SIMULATION RESULTS ========
Metrics                                          meanWinnerRank  rateTrueWinners  rateWinner<NULL  val_Mean²Err
Algorithms                                                                                                     
MyVoteSys <α=0.50, β=____, γ=0.80, MinEntropy>            1.219            0.837            0.000           NaN
MyVoteSys <α=0.50, β=0.33, γ=0.66, MaxVariance>           1.219            0.837            0.000           NaN
MyVoteSys <α=0.50, β=0.33, γ=0.80, MaxVariance>           1.219            0.837            0.000           NaN
MyVoteSys <α=0.50, β=____, γ=____, First>                 1.219            0.837            0.000           NaN
MyVoteSys <α=0.50, β=____, γ=0.66, MinEntropy>            1.219            0.837            0.000           NaN
MyVoteSys <α=0.50, β=0.33, γ=____, MaxVariance>           1.219            0.837            0.000           NaN
MyVoteSys <α=0.50, β=____, γ=0.80, First>                 1.219            0.837            0.000           NaN
MyVoteSys <α=0.50, β=0.33, γ=0.80, MinEntropy>            1.219            0.837            0.000           NaN
MyVoteSys <α=0.50, β=0.33, γ=____, MinEntropy>            1.219            0.837            0.000           NaN
MyVoteSys <α=0.50, β=____, γ=____, MinEntropy>            1.219            0.837            0.000           NaN
MyVoteSys <α=0.50, β=0.33, γ=____, First>                 1.219            0.837            0.000           NaN
MyVoteSys <α=0.50, β=____, γ=0.66, First>                 1.219            0.837            0.000           NaN
MyVoteSys <α=0.50, β=____, γ=0.66, MaxVariance>           1.219            0.837            0.000           NaN
MyVoteSys <α=0.50, β=____, γ=0.80, MaxVariance>           1.219            0.837            0.000           NaN
MyVoteSys <α=0.50, β=0.33, γ=0.66, MinEntropy>            1.219            0.837            0.000           NaN
MyVoteSys <α=0.50, β=0.33, γ=0.80, First>                 1.219            0.837            0.000           NaN
MyVoteSys <α=0.50, β=0.33, γ=0.66, First>                 1.219            0.837            0.000           NaN
crowd-Median                                              1.220            0.839            0.000  21553.529297
crowd-Mean                                                1.220            0.839            0.000  21676.593750
MyVoteSys <α=0.66, β=____, γ=0.80, MaxVariance>           1.232            0.824            0.000           NaN
MyVoteSys <α=0.66, β=____, γ=____, First>                 1.232            0.824            0.000           NaN
MyVoteSys <α=0.66, β=____, γ=____, MinEntropy>            1.232            0.824            0.000           NaN
MyVoteSys <α=0.50, β=0.33, γ=0.66, MaxEntropy>            1.232            0.824            0.000           NaN
MyVoteSys <α=0.50, β=0.33, γ=0.66, MinVariance>           1.232            0.824            0.000           NaN
MyVoteSys <α=0.66, β=____, γ=0.80, MinEntropy>            1.232            0.824            0.000           NaN
MyVoteSys <α=0.50, β=____, γ=0.66, MaxEntropy>            1.232            0.824            0.000           NaN
MyVoteSys <α=0.50, β=____, γ=0.66, MinVariance>           1.232            0.824            0.000           NaN
MyVoteSys <α=0.66, β=0.33, γ=0.80, MinEntropy>            1.232            0.824            0.000           NaN
MyVoteSys <α=0.66, β=0.33, γ=0.80, First>                 1.232            0.824            0.000           NaN
MyVoteSys <α=0.66, β=0.33, γ=____, MaxVariance>           1.232            0.824            0.000           NaN
MyVoteSys <α=0.50, β=____, γ=0.66, Last>                  1.232            0.824            0.000           NaN
MyVoteSys <α=0.66, β=0.33, γ=0.80, MaxVariance>           1.232            0.824            0.000           NaN
MyVoteSys <α=0.66, β=____, γ=0.80, First>                 1.232            0.824            0.000           NaN
MyVoteSys <α=0.66, β=0.33, γ=____, First>                 1.232            0.824            0.000           NaN
MyVoteSys <α=0.50, β=0.33, γ=0.66, Last>                  1.232            0.824            0.000           NaN
MyVoteSys <α=0.66, β=0.33, γ=____, MinEntropy>            1.232            0.824            0.000           NaN
PreferentialBlockVoting                                   1.240            0.824            0.000           NaN
SingleTransferableVote                                    1.241            0.826            0.000           NaN
InstantRunoffVoting                                       1.241            0.823            0.000           NaN
MyVoteSys <α=0.66, β=0.33, γ=0.80, MinVariance>           1.297            0.793            0.000           NaN
MyVoteSys <α=0.50, β=0.33, γ=0.80, MinVariance>           1.297            0.793            0.000           NaN
MyVoteSys <α=0.50, β=0.33, γ=0.80, Last>                  1.298            0.792            0.000           NaN
MyVoteSys <α=0.66, β=0.33, γ=0.80, Last>                  1.298            0.792            0.000           NaN
MyVoteSys <α=0.50, β=0.33, γ=0.80, MaxEntropy>            1.298            0.792            0.000           NaN
MyVoteSys <α=0.66, β=0.33, γ=0.80, MaxEntropy>            1.298            0.792            0.000           NaN
MyVoteSys <α=0.66, β=____, γ=0.80, MinVariance>           1.304            0.790            0.000           NaN
MyVoteSys <α=0.50, β=____, γ=0.80, MinVariance>           1.304            0.790            0.000           NaN
MyVoteSys <α=0.66, β=____, γ=0.80, MaxEntropy>            1.305            0.789            0.000           NaN
MyVoteSys <α=0.50, β=____, γ=0.80, MaxEntropy>            1.305            0.789            0.000           NaN
MyVoteSys <α=0.66, β=____, γ=0.80, Last>                  1.305            0.789            0.000           NaN
MyVoteSys <α=0.80, β=____, γ=____, MinEntropy>            1.305            0.789            0.000           NaN
MyVoteSys <α=0.80, β=____, γ=____, First>                 1.305            0.789            0.000           NaN
MyVoteSys <α=0.50, β=____, γ=0.80, Last>                  1.305            0.789            0.000           NaN
MyVoteSys <α=0.50, β=0.33, γ=____, MinVariance>           1.364            0.764            0.000           NaN
MyVoteSys <α=0.66, β=0.33, γ=____, MinVariance>           1.364            0.764            0.000           NaN
MyVoteSys <α=0.50, β=0.33, γ=____, Last>                  1.390            0.752            0.000           NaN
MyVoteSys <α=0.66, β=0.33, γ=____, Last>                  1.390            0.752            0.000           NaN
MyVoteSys <α=0.66, β=0.33, γ=____, MaxEntropy>            1.390            0.752            0.000           NaN
MyVoteSys <α=0.50, β=0.33, γ=____, MaxEntropy>            1.390            0.752            0.000           NaN
FirstPastThePost (but without tactical voting)            1.391            0.761            0.000           NaN
MyVoteSys <α=0.80, β=0.33, γ=____, First>                 1.393            0.784            0.000           NaN
MyVoteSys <α=0.80, β=0.33, γ=____, MinEntropy>            1.393            0.784            0.000           NaN
MyVoteSys <α=0.80, β=0.33, γ=____, MaxVariance>           1.397            0.784            0.000           NaN
MyVoteSys <α=0.80, β=0.33, γ=____, MinVariance>           1.460            0.755            0.000           NaN
MyVoteSys <α=0.80, β=0.33, γ=____, Last>                  1.485            0.744            0.000           NaN
MyVoteSys <α=0.80, β=0.33, γ=____, MaxEntropy>            1.485            0.744            0.000           NaN
MyVoteSys <α=0.66, β=____, γ=____, MinVariance>           1.647            0.721            0.000           NaN
MyVoteSys <α=0.80, β=____, γ=____, MinVariance>           1.647            0.721            0.000           NaN
MyVoteSys <α=0.50, β=____, γ=____, MinVariance>           1.647            0.721            0.000           NaN
MyVoteSys <α=0.50, β=____, γ=____, MaxVariance>           2.609            0.623            0.000           NaN
MyVoteSys <α=0.66, β=____, γ=____, MaxVariance>           2.690            0.605            0.000           NaN
MyVoteSys <α=0.80, β=____, γ=____, MaxVariance>           2.690            0.605            0.000           NaN
MyVoteSys <α=0.66, β=____, γ=____, Last>                  2.698            0.604            0.000           NaN
MyVoteSys <α=0.80, β=____, γ=____, MaxEntropy>            2.698            0.604            0.000           NaN
MyVoteSys <α=0.50, β=____, γ=____, Last>                  2.698            0.604            0.000           NaN
MyVoteSys <α=0.80, β=____, γ=____, Last>                  2.698            0.604            0.000           NaN
MyVoteSys <α=0.66, β=____, γ=____, MaxEntropy>            2.698            0.604            0.000           NaN
MyVoteSys <α=0.50, β=____, γ=____, MaxEntropy>            2.698            0.604            0.000           NaN
bestVoter (Dictatorship)                                  2.758            0.427            0.023   6908.480957

