
===== Last Election voting process ======

Stamp Counts Table:
Candidates  918  1122  913  681  2036  1981  2948  2142  1192  1562  1138  1104  995  2642  1683  851  291  2028  1689  NullCandidate
Stage                                                                                                                                
0             0    26   26    0     0   174    24     0     2    29    27     0    5    30   109    2   37     1     8              0
1            18     0   32   32    47    35     0     0    54     0    76     6   83     0    70    9    4     6    28              0
2            28    41   59   21    64    30    33     0     5     0    48     2    0    20    22   35    0    35    57              0
3            11    40   52   78    54     0    35    44     0    26    29    30   14    29     0   20    2    33     3              0
4             4    34   68    2     0    26    58    31    64    31    26     2    0    31    20   11   32    17    43              0
5            39   107    0    5    29     6    29    57    28    67    43     5    0    22     0    8   26     5    24              0
6            21    31    3    7    26    22    29    15     0    97     2    44    8    84     0    8   35    41    24              3
7             2    38    0    2     3    24    11   134     4    44     2    41   17    15     1   80    1    47     4             30
8             3     7    7    0    31    16    58    15    13    66     0    10   57    84    43   27   18     0     0             45
9            33     3   22    2    33     9     9    29    46    48    69     2   31    21    52   20   53     7     0             11
10           41    30   70    0    56     6    19     3    16     5     0     3   11    23    31   36   56    29    47             18
11           64    32   39    0     7    16     3     2    54    19     0    26   37    26    63   18    0    50     7             37
12           69     7   13    7    17    50     4     6    72     1    37     4   66     2    18    0   23    54     4             46
13           36     5    4   89    47    49     0    32    13     1    67     9   79     2     1    0   17    12    17             20
14           91    47    3   82    54    15     1    18    32     3     3    33   20    10    12    2    2    24    27             21
15           30    19    7   79     3     0     2    36    26    27     7    83    4    14    26   36    1    40    51              9
16           10    33   66   29    26     0    25    28     3     1    29    33   50    45     0   49   28     0    43              2
17            0     0   29   65     2    21   126    12    18    20     2   100    0    23     3   54    0     7    16              2
18            0     0    0    0     1     1    34    38    50    14    32    54    3     0     3   59  136    55    19              1
19            0     0    0    0     0     0     0     0     0     1     1    13   15    19    26   26   29    37    78            255

Processed Vote Counts Table:
Candidates  918  1122  913  681  2036  1981  2948  2142  1192  1562  1138  1104  995  2642  1683  851  291  2028  1689  NullCandidate
Stage                                                                                                                                
0             0    26   26    0     0   174    24     0     2    29    27     0    5    30   109    2   37     1     8              0
1            18    26   58   32    47   209    24     0    56    29   103     6   88    30   179   11   41     7    36              0
2            46    67  117   53   111   239    57     0    61    29   151     8   88    50   201   46   41    42    93              0
3            57   107  169  131   165   239    92    44    61    55   180    38  102    79   201   66   43    75    96              0
4            61   141  237  133   165   265   150    75   125    86   206    40  102   110   221   77   75    92   139              0
5           100   248  237  138   194   271   179   132   153   153   249    45  102   132   221   85  101    97   163              0
6           121   279  240  145   220   293   208   147   153   250   251    89  110   216   221   93  136   138   187              3
7           123   317  240  147   223   317   219   281   157   294   253   130  127   231   222  173  137   185   191             33
8           126   324  247  147   254   333   277   296   170   360   253   140  184   315   265  200  155   185   191             78
9           159   327  269  149   287   342   286   325   216   408   322   142  215   336   317  220  208   192   191             89
10          200   357  339  149   343   348   305   328   232   413   322   145  226   359   348  256  264   221   238            107
11          264   389  378  149   350   364   308   330   286   432   322   171  263   385   411  274  264   271   245            144
12          333   396  391  156   367   414   312   336   358   433   359   175  329   387   429  274  287   325   249            190
13          369   401  395  245   414   463   312   368   371   434   426   184  408   389   430  274  304   337   266            210
14          460   448  398  327   468   478   313   386   403   437   429   217  428   399   442  276  306   361   293            231
15          490   467  405  406   471   478   315   422   429   464   436   300  432   413   468  312  307   401   344            240
16          500   500  471  435   497   478   340   450   432   465   465   333  482   458   468  361  335   401   387            242
17          500   500  500  500   499   499   466   462   450   485   467   433  482   481   471  415  335   408   403            244
18          500   500  500  500   500   500   500   500   500   499   499   487  485   481   474  474  471   463   422            245
19          500   500  500  500   500   500   500   500   500   500   500   500  500   500   500  500  500   500   500            500

Score(%) of Candidates Table:
Candidates    918   1122    913    681   2036   1981   2948   2142   1192   1562   1138   1104    995   2642   1683    851    291   2028   1689  NullCandidate
Stage                                                                                                                                                         
0             0.0    5.2    5.2    0.0    0.0   34.8    4.8    0.0    0.4    5.8    5.4    0.0    1.0    6.0   21.8    0.4    7.4    0.2    1.6            0.0
1             3.6    5.2   11.6    6.4    9.4   41.8    4.8    0.0   11.2    5.8   20.6    1.2   17.6    6.0   35.8    2.2    8.2    1.4    7.2            0.0
2             9.2   13.4   23.4   10.6   22.2   47.8   11.4    0.0   12.2    5.8   30.2    1.6   17.6   10.0   40.2    9.2    8.2    8.4   18.6            0.0
3            11.4   21.4   33.8   26.2   33.0   47.8   18.4    8.8   12.2   11.0   36.0    7.6   20.4   15.8   40.2   13.2    8.6   15.0   19.2            0.0
4            12.2   28.2   47.4   26.6   33.0   53.0   30.0   15.0   25.0   17.2   41.2    8.0   20.4   22.0   44.2   15.4   15.0   18.4   27.8            0.0
5            20.0   49.6   47.4   27.6   38.8   54.2   35.8   26.4   30.6   30.6   49.8    9.0   20.4   26.4   44.2   17.0   20.2   19.4   32.6            0.0
6            24.2   55.8   48.0   29.0   44.0   58.6   41.6   29.4   30.6   50.0   50.2   17.8   22.0   43.2   44.2   18.6   27.2   27.6   37.4            0.6
7            24.6   63.4   48.0   29.4   44.6   63.4   43.8   56.2   31.4   58.8   50.6   26.0   25.4   46.2   44.4   34.6   27.4   37.0   38.2            6.6
8            25.2   64.8   49.4   29.4   50.8   66.6   55.4   59.2   34.0   72.0   50.6   28.0   36.8   63.0   53.0   40.0   31.0   37.0   38.2           15.6
9            31.8   65.4   53.8   29.8   57.4   68.4   57.2   65.0   43.2   81.6   64.4   28.4   43.0   67.2   63.4   44.0   41.6   38.4   38.2           17.8
10           40.0   71.4   67.8   29.8   68.6   69.6   61.0   65.6   46.4   82.6   64.4   29.0   45.2   71.8   69.6   51.2   52.8   44.2   47.6           21.4
11           52.8   77.8   75.6   29.8   70.0   72.8   61.6   66.0   57.2   86.4   64.4   34.2   52.6   77.0   82.2   54.8   52.8   54.2   49.0           28.8
12           66.6   79.2   78.2   31.2   73.4   82.8   62.4   67.2   71.6   86.6   71.8   35.0   65.8   77.4   85.8   54.8   57.4   65.0   49.8           38.0
13           73.8   80.2   79.0   49.0   82.8   92.6   62.4   73.6   74.2   86.8   85.2   36.8   81.6   77.8   86.0   54.8   60.8   67.4   53.2           42.0
14           92.0   89.6   79.6   65.4   93.6   95.6   62.6   77.2   80.6   87.4   85.8   43.4   85.6   79.8   88.4   55.2   61.2   72.2   58.6           46.2
15           98.0   93.4   81.0   81.2   94.2   95.6   63.0   84.4   85.8   92.8   87.2   60.0   86.4   82.6   93.6   62.4   61.4   80.2   68.8           48.0
16          100.0  100.0   94.2   87.0   99.4   95.6   68.0   90.0   86.4   93.0   93.0   66.6   96.4   91.6   93.6   72.2   67.0   80.2   77.4           48.4
17          100.0  100.0  100.0  100.0   99.8   99.8   93.2   92.4   90.0   97.0   93.4   86.6   96.4   96.2   94.2   83.0   67.0   81.6   80.6           48.8
18          100.0  100.0  100.0  100.0  100.0  100.0  100.0  100.0  100.0   99.8   99.8   97.4   97.0   96.2   94.8   94.8   94.2   92.6   84.4           49.0
19          100.0  100.0  100.0  100.0  100.0  100.0  100.0  100.0  100.0  100.0  100.0  100.0  100.0  100.0  100.0  100.0  100.0  100.0  100.0          100.0

                                                 winner  winStage                                             validStages
algorithm                                                                                                                
InstantRunoffVoting                                1981       NaN                                                     NaN
SingleTransferableVote                             1981       NaN                                                     NaN
PreferentialBlockVoting                            1981       NaN                                                     NaN
FirstPastThePost (but without tactical voting)     1981       NaN                                                     NaN
MyVoteSys <α=0.50, β=____, γ=____, First>          1981       4.0  [4, 5, 6, 7, 8, 9, 10, 11, 12, 13, 14, 15, 16, 17, 18]
MyVoteSys <α=0.50, β=____, γ=____, Last>            918      18.0  [4, 5, 6, 7, 8, 9, 10, 11, 12, 13, 14, 15, 16, 17, 18]
MyVoteSys <α=0.50, β=____, γ=____, MinEntropy>     1981       4.0  [4, 5, 6, 7, 8, 9, 10, 11, 12, 13, 14, 15, 16, 17, 18]
MyVoteSys <α=0.50, β=____, γ=____, MaxEntropy>      918      18.0  [4, 5, 6, 7, 8, 9, 10, 11, 12, 13, 14, 15, 16, 17, 18]
MyVoteSys <α=0.50, β=____, γ=____, MinVariance>    1562      10.0  [4, 5, 6, 7, 8, 9, 10, 11, 12, 13, 14, 15, 16, 17, 18]
MyVoteSys <α=0.50, β=____, γ=____, MaxVariance>     918      18.0  [4, 5, 6, 7, 8, 9, 10, 11, 12, 13, 14, 15, 16, 17, 18]
MyVoteSys <α=0.50, β=____, γ=0.66, First>          1981       4.0                                         [4, 5, 6, 7, 8]
MyVoteSys <α=0.50, β=____, γ=0.66, Last>           1562       8.0                                         [4, 5, 6, 7, 8]
MyVoteSys <α=0.50, β=____, γ=0.66, MinEntropy>     1981       4.0                                         [4, 5, 6, 7, 8]
MyVoteSys <α=0.50, β=____, γ=0.66, MaxEntropy>     1562       8.0                                         [4, 5, 6, 7, 8]
MyVoteSys <α=0.50, β=____, γ=0.66, MinVariance>    1562       8.0                                         [4, 5, 6, 7, 8]
MyVoteSys <α=0.50, β=____, γ=0.66, MaxVariance>    1981       4.0                                         [4, 5, 6, 7, 8]
MyVoteSys <α=0.50, β=____, γ=0.80, First>          1981       4.0                                      [4, 5, 6, 7, 8, 9]
MyVoteSys <α=0.50, β=____, γ=0.80, Last>           1562       9.0                                      [4, 5, 6, 7, 8, 9]
MyVoteSys <α=0.50, β=____, γ=0.80, MinEntropy>     1981       4.0                                      [4, 5, 6, 7, 8, 9]
MyVoteSys <α=0.50, β=____, γ=0.80, MaxEntropy>     1562       9.0                                      [4, 5, 6, 7, 8, 9]
MyVoteSys <α=0.50, β=____, γ=0.80, MinVariance>    1562       9.0                                      [4, 5, 6, 7, 8, 9]
MyVoteSys <α=0.50, β=____, γ=0.80, MaxVariance>    1981       4.0                                      [4, 5, 6, 7, 8, 9]
MyVoteSys <α=0.50, β=0.33, γ=____, First>          1981       4.0                              [4, 5, 6, 7, 8, 9, 10, 11]
MyVoteSys <α=0.50, β=0.33, γ=____, Last>           1562      11.0                              [4, 5, 6, 7, 8, 9, 10, 11]
MyVoteSys <α=0.50, β=0.33, γ=____, MinEntropy>     1981       4.0                              [4, 5, 6, 7, 8, 9, 10, 11]
MyVoteSys <α=0.50, β=0.33, γ=____, MaxEntropy>     1562      11.0                              [4, 5, 6, 7, 8, 9, 10, 11]
MyVoteSys <α=0.50, β=0.33, γ=____, MinVariance>    1562      10.0                              [4, 5, 6, 7, 8, 9, 10, 11]
MyVoteSys <α=0.50, β=0.33, γ=____, MaxVariance>    1981       4.0                              [4, 5, 6, 7, 8, 9, 10, 11]
MyVoteSys <α=0.50, β=0.33, γ=0.66, First>          1981       4.0                                         [4, 5, 6, 7, 8]
MyVoteSys <α=0.50, β=0.33, γ=0.66, Last>           1562       8.0                                         [4, 5, 6, 7, 8]
MyVoteSys <α=0.50, β=0.33, γ=0.66, MinEntropy>     1981       4.0                                         [4, 5, 6, 7, 8]
MyVoteSys <α=0.50, β=0.33, γ=0.66, MaxEntropy>     1562       8.0                                         [4, 5, 6, 7, 8]
MyVoteSys <α=0.50, β=0.33, γ=0.66, MinVariance>    1562       8.0                                         [4, 5, 6, 7, 8]
MyVoteSys <α=0.50, β=0.33, γ=0.66, MaxVariance>    1981       4.0                                         [4, 5, 6, 7, 8]
MyVoteSys <α=0.50, β=0.33, γ=0.80, First>          1981       4.0                                      [4, 5, 6, 7, 8, 9]
MyVoteSys <α=0.50, β=0.33, γ=0.80, Last>           1562       9.0                                      [4, 5, 6, 7, 8, 9]
MyVoteSys <α=0.50, β=0.33, γ=0.80, MinEntropy>     1981       4.0                                      [4, 5, 6, 7, 8, 9]
MyVoteSys <α=0.50, β=0.33, γ=0.80, MaxEntropy>     1562       9.0                                      [4, 5, 6, 7, 8, 9]
MyVoteSys <α=0.50, β=0.33, γ=0.80, MinVariance>    1562       9.0                                      [4, 5, 6, 7, 8, 9]
MyVoteSys <α=0.50, β=0.33, γ=0.80, MaxVariance>    1981       4.0                                      [4, 5, 6, 7, 8, 9]
MyVoteSys <α=0.66, β=____, γ=____, First>          1562       8.0              [8, 9, 10, 11, 12, 13, 14, 15, 16, 17, 18]
MyVoteSys <α=0.66, β=____, γ=____, Last>            918      18.0              [8, 9, 10, 11, 12, 13, 14, 15, 16, 17, 18]
MyVoteSys <α=0.66, β=____, γ=____, MinEntropy>     1562       8.0              [8, 9, 10, 11, 12, 13, 14, 15, 16, 17, 18]
MyVoteSys <α=0.66, β=____, γ=____, MaxEntropy>      918      18.0              [8, 9, 10, 11, 12, 13, 14, 15, 16, 17, 18]
MyVoteSys <α=0.66, β=____, γ=____, MinVariance>    1562      10.0              [8, 9, 10, 11, 12, 13, 14, 15, 16, 17, 18]
MyVoteSys <α=0.66, β=____, γ=____, MaxVariance>     918      18.0              [8, 9, 10, 11, 12, 13, 14, 15, 16, 17, 18]
MyVoteSys <α=0.66, β=____, γ=0.80, First>          1562       8.0                                                  [8, 9]
MyVoteSys <α=0.66, β=____, γ=0.80, Last>           1562       9.0                                                  [8, 9]
MyVoteSys <α=0.66, β=____, γ=0.80, MinEntropy>     1562       8.0                                                  [8, 9]
MyVoteSys <α=0.66, β=____, γ=0.80, MaxEntropy>     1562       9.0                                                  [8, 9]
MyVoteSys <α=0.66, β=____, γ=0.80, MinVariance>    1562       9.0                                                  [8, 9]
MyVoteSys <α=0.66, β=____, γ=0.80, MaxVariance>    1562       8.0                                                  [8, 9]
MyVoteSys <α=0.66, β=0.33, γ=____, First>          1562       8.0                                          [8, 9, 10, 11]
MyVoteSys <α=0.66, β=0.33, γ=____, Last>           1562      11.0                                          [8, 9, 10, 11]
MyVoteSys <α=0.66, β=0.33, γ=____, MinEntropy>     1562       8.0                                          [8, 9, 10, 11]
MyVoteSys <α=0.66, β=0.33, γ=____, MaxEntropy>     1562      11.0                                          [8, 9, 10, 11]
MyVoteSys <α=0.66, β=0.33, γ=____, MinVariance>    1562      10.0                                          [8, 9, 10, 11]
MyVoteSys <α=0.66, β=0.33, γ=____, MaxVariance>    1562       8.0                                          [8, 9, 10, 11]
MyVoteSys <α=0.66, β=0.33, γ=0.80, First>          1562       8.0                                                  [8, 9]
MyVoteSys <α=0.66, β=0.33, γ=0.80, Last>           1562       9.0                                                  [8, 9]
MyVoteSys <α=0.66, β=0.33, γ=0.80, MinEntropy>     1562       8.0                                                  [8, 9]
MyVoteSys <α=0.66, β=0.33, γ=0.80, MaxEntropy>     1562       9.0                                                  [8, 9]
MyVoteSys <α=0.66, β=0.33, γ=0.80, MinVariance>    1562       9.0                                                  [8, 9]
MyVoteSys <α=0.66, β=0.33, γ=0.80, MaxVariance>    1562       8.0                                                  [8, 9]
MyVoteSys <α=0.80, β=____, γ=____, First>          1562       9.0                 [9, 10, 11, 12, 13, 14, 15, 16, 17, 18]
MyVoteSys <α=0.80, β=____, γ=____, Last>            918      18.0                 [9, 10, 11, 12, 13, 14, 15, 16, 17, 18]
MyVoteSys <α=0.80, β=____, γ=____, MinEntropy>     1562       9.0                 [9, 10, 11, 12, 13, 14, 15, 16, 17, 18]
MyVoteSys <α=0.80, β=____, γ=____, MaxEntropy>      918      18.0                 [9, 10, 11, 12, 13, 14, 15, 16, 17, 18]
MyVoteSys <α=0.80, β=____, γ=____, MinVariance>    1562      10.0                 [9, 10, 11, 12, 13, 14, 15, 16, 17, 18]
MyVoteSys <α=0.80, β=____, γ=____, MaxVariance>     918      18.0                 [9, 10, 11, 12, 13, 14, 15, 16, 17, 18]
MyVoteSys <α=0.80, β=0.33, γ=____, First>          1562       9.0                                             [9, 10, 11]
MyVoteSys <α=0.80, β=0.33, γ=____, Last>           1562      11.0                                             [9, 10, 11]
MyVoteSys <α=0.80, β=0.33, γ=____, MinEntropy>     1562       9.0                                             [9, 10, 11]
MyVoteSys <α=0.80, β=0.33, γ=____, MaxEntropy>     1562      11.0                                             [9, 10, 11]
MyVoteSys <α=0.80, β=0.33, γ=____, MinVariance>    1562      10.0                                             [9, 10, 11]
MyVoteSys <α=0.80, β=0.33, γ=____, MaxVariance>    1562      11.0                                             [9, 10, 11]
bestVoter (Dictatorship)                           1981       NaN                                                     NaN
crowd-Mean                                         1562       NaN                                                     NaN
crowd-Median                                       1562       NaN                                                     NaN 

Last Election Candidates:
                        y
Candidates               
1104          -340.386230
2028          -255.586773
1689          -215.327665
1192          -196.963633
681           -177.444703
995           -166.213522
291           -114.022888
851            -76.993012
918            -54.148985
2036           -26.287806
NullCandidate   -3.467414
2142             3.937877
2948            40.845379
2642            41.993948
1138            59.506309
913             69.073438
1683            77.258888
1981            89.567427
1122           151.556478
1562           254.211442

Voters Validation Mean Squared Error:
[18466.95, 18864.06, 18256.45, 17626.2, 18102.65, 18095.46, 17726.84, 17773.97, 17671.88, 17537.2, 17689.45, 17580.14, 18213.03, 18223.2, 17765.86, 17840.91, 17931.38, 17898.32, 18593.37, 17603.95, 18133.19, 18175.35, 18131.86, 17475.14, 18484.17, 18640.54, 17962.82, 17530.09, 17645.49, 18057.09, 17925.48, 18649.46, 18298.35, 18540.26, 18603.48, 17696.1, 17764.09, 17756.18, 17386.78, 18258.5, 17442.04, 18329.52, 18228.63, 18413.8, 18138.5, 17738.37, 17438.36, 17763.49, 18081.76, 17606.85, 17929.9, 18002.64, 18080.62, 17581.46, 17797.42, 18440.79, 17891.54, 18494.81, 18229.76, 17281.62, 18206.63, 18299.16, 17506.82, 17938.62, 18514.84, 18130.28, 17777.12, 17565.38, 17722.83, 17816.29, 18058.84, 18150.67, 17888.59, 17758.09, 18007.78, 16918.41, 18114.14, 18082.54, 18151.69, 17253.51, 18379.82, 18486.53, 18133.29, 17408.85, 18654.3, 17584.77, 17929.25, 18393.02, 18183.85, 18236.39, 17162.29, 17941.85, 17924.53, 18456.36, 18460.4, 18200.71, 17773.26, 17917.03, 17769.51, 18674.29, 18212.68, 17719.24, 18086.18, 17370.74, 17904.54, 18173.54, 17890.85, 17797.31, 17500.71, 18369.43, 18137.32, 17529.71, 18178.71, 18403.08, 18325.9, 18168.15, 17730.26, 17428.47, 18188.27, 17566.18, 18285.97, 18107.48, 17248.96, 17978.95, 17453.21, 18092.78, 18770.11, 18328.26, 18341.56, 18343.37, 18085.97, 18262.07, 18571.35, 18473.83, 17990.04, 18157.96, 18289.89, 17754.63, 18230.51, 17221.42, 18213.12, 18353.56, 17545.31, 17842.72, 17880.5, 17967.03, 18681.61, 17850.31, 17786.16, 18207.45, 18351.74, 18564.72, 17314.62, 18039.37, 18433.51, 18160.64, 18194.76, 17438.44, 18414.45, 18577.58, 18111.98, 18092.34, 18608.37, 18268.78, 18052.08, 17686.45, 18009.95, 18462.79, 18594.06, 18158.51, 17636.12, 17908.33, 18195.1, 18499.28, 18076.94, 17347.88, 18553.01, 17919.15, 18022.41, 18284.5, 18288.42, 17264.38, 18191.08, 18257.56, 17914.63, 18323.6, 18702.22, 18335.0, 17875.44, 18555.17, 17237.84, 17903.3, 17954.23, 18581.18, 18685.33, 18462.85, 17190.12, 17901.96, 18215.68, 17981.24, 18207.86, 18242.99, 18480.38, 18223.28, 17767.63, 17944.39, 18074.7, 17435.76, 18251.34, 17736.19, 17915.8, 17340.93, 18286.37, 17545.37, 18340.66, 18089.03, 18328.89, 18163.36, 17725.55, 17991.53, 18268.8, 17427.86, 18620.37, 18018.78, 18322.43, 18195.16, 17877.73, 18575.32, 17879.98, 18491.19, 17794.91, 18452.32, 18614.94, 18376.71, 18744.32, 17808.61, 18156.29, 18587.6, 17446.73, 17855.32, 18468.17, 17507.46, 17991.72, 17968.31, 18355.85, 17862.91, 18236.9, 17996.1, 18101.83, 17311.45, 17894.35, 18662.76, 17976.41, 18488.39, 18692.93, 18121.47, 18517.55, 18554.85, 17866.44, 17277.49, 18095.88, 17415.05, 18559.93, 18290.8, 17990.44, 18201.87, 17592.56, 18233.93, 18319.19, 17837.65, 17654.79, 17099.15, 17765.87, 17683.31, 18152.83, 17905.32, 17957.61, 18367.04, 17789.42, 17801.44, 18235.78, 18343.85, 18593.12, 18143.99, 18000.1, 17598.75, 18142.39, 18097.43, 18487.49, 18330.82, 18662.68, 17751.16, 18230.37, 18474.38, 18188.73, 18052.19, 17341.58, 17934.55, 17884.33, 17830.04, 18325.77, 17661.86, 17673.73, 18170.75, 18335.69, 17827.67, 18627.84, 18672.82, 18074.73, 18603.87, 18308.51, 18494.44, 17707.56, 18033.28, 18053.26, 18671.01, 17860.69, 17769.19, 17749.44, 17891.95, 18458.24, 18547.65, 18026.46, 18045.57, 18163.09, 18076.35, 18451.64, 18489.22, 18092.05, 18518.78, 17651.94, 18364.13, 17400.36, 17627.93, 17991.37, 18040.6, 18039.83, 18305.44, 17413.98, 17852.8, 18497.89, 17644.68, 17389.09, 18595.15, 18538.73, 18153.01, 17902.71, 18843.91, 17614.97, 16874.87, 18038.35, 18166.47, 18066.7, 18361.05, 17786.78, 17876.65, 18265.74, 18496.98, 18202.74, 18180.28, 18551.28, 18525.75, 18259.61, 17620.48, 18076.26, 18613.09, 17702.18, 18254.55, 17439.54, 17683.02, 18228.42, 17554.04, 18174.33, 18302.71, 18324.27, 18487.66, 18668.47, 18179.08, 18630.04, 18374.7, 18159.52, 18502.32, 18390.48, 17831.47, 17539.6, 17647.08, 17576.24, 18105.99, 18312.34, 18271.24, 18040.25, 17601.97, 18291.63, 17906.23, 18580.67, 18455.4, 18542.97, 18503.55, 18482.32, 18333.05, 18320.54, 18083.43, 18013.96, 18611.68, 17882.41, 18139.11, 17823.63, 18628.25, 18560.88, 17677.09, 18375.18, 17510.22, 18680.8, 18315.81, 17575.03, 17471.71, 17477.1, 17451.65, 18323.04, 17660.22, 18162.9, 17116.39, 17354.67, 17513.41, 18215.04, 18114.71, 18029.43, 17875.68, 18000.72, 18466.41, 18403.39, 17812.03, 18389.48, 17812.72, 18841.13, 17929.83, 18253.62, 18517.87, 18558.97, 17682.38, 18121.55, 18462.87, 17453.54, 18556.52, 18591.78, 17829.24, 18183.11, 17686.77, 17373.04, 17561.51, 18099.76, 18329.78, 18241.06, 18206.39, 18179.58, 18097.66, 18730.5, 17996.34, 17975.14, 18429.71, 17913.12, 18042.15, 18678.39, 18331.01, 18056.0, 18303.57, 17566.44, 18321.44, 18414.43, 18443.62, 17529.32, 17717.65, 18757.67, 17847.43, 18373.38, 18431.92, 18598.52, 18058.18, 18599.79, 17460.45, 18332.96, 17457.45, 17862.09, 17187.63, 18026.47, 17714.4, 17424.7, 18422.6, 18212.84, 18004.5, 17288.08, 18600.96, 17874.17, 17728.88, 18326.31, 19101.31, 17546.73, 18715.64, 17819.4, 17773.32]

Voters Validation Mean Error:
[135.89, 137.35, 135.12, 132.76, 134.55, 134.52, 133.14, 133.32, 132.94, 132.43, 133.0, 132.59, 134.96, 134.99, 133.29, 133.57, 133.91, 133.78, 136.36, 132.68, 134.66, 134.82, 134.65, 132.19, 135.96, 136.53, 134.03, 132.4, 132.84, 134.38, 133.89, 136.56, 135.27, 136.16, 136.39, 133.03, 133.28, 133.25, 131.86, 135.12, 132.07, 135.39, 135.01, 135.7, 134.68, 133.19, 132.05, 133.28, 134.47, 132.69, 133.9, 134.17, 134.46, 132.6, 133.41, 135.8, 133.76, 136.0, 135.02, 131.46, 134.93, 135.27, 132.31, 133.94, 136.07, 134.65, 133.33, 132.53, 133.13, 133.48, 134.38, 134.72, 133.75, 133.26, 134.19, 130.07, 134.59, 134.47, 134.73, 131.35, 135.57, 135.97, 134.66, 131.94, 136.58, 132.61, 133.9, 135.62, 134.85, 135.04, 131.0, 133.95, 133.88, 135.85, 135.87, 134.91, 133.32, 133.85, 133.3, 136.65, 134.95, 133.11, 134.48, 131.8, 133.81, 134.81, 133.76, 133.41, 132.29, 135.53, 134.67, 132.4, 134.83, 135.66, 135.37, 134.79, 133.16, 132.02, 134.86, 132.54, 135.23, 134.56, 131.34, 134.09, 132.11, 134.51, 137.0, 135.38, 135.43, 135.44, 134.48, 135.14, 136.28, 135.92, 134.13, 134.75, 135.24, 133.25, 135.02, 131.23, 134.96, 135.48, 132.46, 133.58, 133.72, 134.04, 136.68, 133.61, 133.36, 134.93, 135.47, 136.25, 131.59, 134.31, 135.77, 134.76, 134.89, 132.05, 135.7, 136.3, 134.58, 134.51, 136.41, 135.16, 134.36, 132.99, 134.2, 135.88, 136.36, 134.75, 132.8, 133.82, 134.89, 136.01, 134.45, 131.71, 136.21, 133.86, 134.25, 135.22, 135.23, 131.39, 134.87, 135.12, 133.85, 135.36, 136.76, 135.41, 133.7, 136.22, 131.29, 133.8, 133.99, 136.31, 136.69, 135.88, 131.11, 133.8, 134.97, 134.09, 134.94, 135.07, 135.94, 134.99, 133.3, 133.96, 134.44, 132.04, 135.1, 133.18, 133.85, 131.68, 135.23, 132.46, 135.43, 134.5, 135.38, 134.77, 133.14, 134.13, 135.16, 132.01, 136.46, 134.23, 135.36, 134.89, 133.71, 136.29, 133.72, 135.98, 133.4, 135.84, 136.44, 135.56, 136.91, 133.45, 134.75, 136.34, 132.09, 133.62, 135.9, 132.32, 134.13, 134.05, 135.48, 133.65, 135.04, 134.15, 134.54, 131.57, 133.77, 136.61, 134.08, 135.97, 136.72, 134.62, 136.08, 136.22, 133.67, 131.44, 134.52, 131.97, 136.23, 135.24, 134.13, 134.91, 132.64, 135.03, 135.35, 133.56, 132.87, 130.76, 133.29, 132.98, 134.73, 133.81, 134.01, 135.53, 133.38, 133.42, 135.04, 135.44, 136.36, 134.7, 134.16, 132.66, 134.69, 134.53, 135.97, 135.39, 136.61, 133.23, 135.02, 135.92, 134.87, 134.36, 131.69, 133.92, 133.73, 133.53, 135.37, 132.9, 132.94, 134.8, 135.41, 133.52, 136.48, 136.65, 134.44, 136.4, 135.31, 135.99, 133.07, 134.29, 134.36, 136.64, 133.64, 133.3, 133.23, 133.76, 135.86, 136.19, 134.26, 134.33, 134.77, 134.45, 135.84, 135.98, 134.51, 136.08, 132.86, 135.51, 131.91, 132.77, 134.13, 134.32, 134.31, 135.3, 131.96, 133.61, 136.01, 132.83, 131.87, 136.36, 136.16, 134.73, 133.8, 137.27, 132.72, 129.9, 134.31, 134.78, 134.41, 135.5, 133.37, 133.7, 135.15, 136.0, 134.92, 134.83, 136.2, 136.11, 135.13, 132.74, 134.45, 136.43, 133.05, 135.11, 132.06, 132.98, 135.01, 132.49, 134.81, 135.29, 135.37, 135.97, 136.63, 134.83, 136.49, 135.55, 134.76, 136.02, 135.61, 133.53, 132.44, 132.84, 132.58, 134.56, 135.32, 135.17, 134.31, 132.67, 135.25, 133.81, 136.31, 135.85, 136.17, 136.03, 135.95, 135.4, 135.35, 134.47, 134.22, 136.42, 133.73, 134.68, 133.51, 136.49, 136.24, 132.96, 135.56, 132.33, 136.68, 135.34, 132.57, 132.18, 132.2, 132.1, 135.36, 132.89, 134.77, 130.83, 131.74, 132.34, 134.96, 134.59, 134.27, 133.7, 134.17, 135.89, 135.66, 133.46, 135.61, 133.46, 137.26, 133.9, 135.11, 136.08, 136.23, 132.98, 134.62, 135.88, 132.11, 136.22, 136.35, 133.53, 134.84, 132.99, 131.81, 132.52, 134.54, 135.39, 135.06, 134.93, 134.83, 134.53, 136.86, 134.15, 134.07, 135.76, 133.84, 134.32, 136.67, 135.39, 134.37, 135.29, 132.54, 135.36, 135.7, 135.81, 132.4, 133.11, 136.96, 133.59, 135.55, 135.76, 136.38, 134.38, 136.38, 132.14, 135.4, 132.13, 133.65, 131.1, 134.26, 133.1, 132.0, 135.73, 134.95, 134.18, 131.48, 136.39, 133.69, 133.15, 135.37, 138.21, 132.46, 136.81, 133.49, 133.32]

numCandiates : 20
numVoters : 500
numElections : 500
columnBlindness : 9
epochs : 133
trainableLayerCount : 1
crowdBuildMethod : {'name': 'standardDistribution', 'mean': 18000, 'standardDeviation': 500}
dataSetName : mySynthetic
predictedFeature : y

========= SIMULATION RESULTS ========
Metrics                                          meanWinnerRank  rateTrueWinners  rateWinner<NULL  val_Mean²Err
Algorithms                                                                                                     
crowd-Mean                                                1.464            0.696            0.000  18604.785156
crowd-Median                                              1.464            0.696            0.000  18604.031250
MyVoteSys <α=0.66, β=0.33, γ=____, MinEntropy>            2.534            0.442            0.024           NaN
MyVoteSys <α=0.66, β=0.33, γ=0.80, MinEntropy>            2.534            0.442            0.024           NaN
MyVoteSys <α=0.66, β=____, γ=0.80, MinEntropy>            2.534            0.442            0.024           NaN
MyVoteSys <α=0.66, β=____, γ=____, MinEntropy>            2.534            0.442            0.024           NaN
MyVoteSys <α=0.66, β=0.33, γ=0.80, First>                 2.548            0.444            0.026           NaN
MyVoteSys <α=0.50, β=0.33, γ=0.66, Last>                  2.548            0.444            0.026           NaN
MyVoteSys <α=0.50, β=____, γ=0.66, Last>                  2.548            0.444            0.026           NaN
MyVoteSys <α=0.66, β=____, γ=0.80, First>                 2.548            0.444            0.026           NaN
MyVoteSys <α=0.66, β=0.33, γ=____, First>                 2.548            0.444            0.026           NaN
MyVoteSys <α=0.66, β=____, γ=____, First>                 2.548            0.444            0.026           NaN
MyVoteSys <α=0.50, β=____, γ=0.66, MaxEntropy>            2.564            0.438            0.026           NaN
MyVoteSys <α=0.50, β=0.33, γ=0.66, MaxEntropy>            2.564            0.438            0.026           NaN
MyVoteSys <α=0.66, β=0.33, γ=0.80, MinVariance>           2.604            0.446            0.026           NaN
MyVoteSys <α=0.50, β=____, γ=0.66, MinVariance>           2.632            0.426            0.028           NaN
MyVoteSys <α=0.50, β=0.33, γ=0.66, MinVariance>           2.632            0.426            0.028           NaN
MyVoteSys <α=0.66, β=____, γ=0.80, MinVariance>           2.650            0.444            0.032           NaN
MyVoteSys <α=0.50, β=0.33, γ=0.80, MinVariance>           2.664            0.430            0.028           NaN
MyVoteSys <α=0.50, β=____, γ=0.80, MinVariance>           2.684            0.428            0.028           NaN
MyVoteSys <α=0.66, β=0.33, γ=____, MinVariance>           2.698            0.436            0.024           NaN
MyVoteSys <α=0.50, β=0.33, γ=____, MinVariance>           2.752            0.422            0.026           NaN
MyVoteSys <α=0.50, β=____, γ=____, MinVariance>           2.856            0.414            0.030           NaN
MyVoteSys <α=0.50, β=0.33, γ=0.80, MaxEntropy>            2.858            0.436            0.038           NaN
MyVoteSys <α=0.66, β=0.33, γ=0.80, MaxEntropy>            2.858            0.436            0.038           NaN
MyVoteSys <α=0.66, β=____, γ=____, MinVariance>           2.864            0.428            0.036           NaN
MyVoteSys <α=0.50, β=0.33, γ=0.80, Last>                  2.878            0.438            0.038           NaN
MyVoteSys <α=0.66, β=0.33, γ=0.80, Last>                  2.878            0.438            0.038           NaN
MyVoteSys <α=0.66, β=0.33, γ=0.80, MaxVariance>           2.888            0.410            0.040           NaN
MyVoteSys <α=0.66, β=____, γ=0.80, MaxVariance>           2.948            0.414            0.044           NaN
MyVoteSys <α=0.66, β=0.33, γ=____, MaxVariance>           2.976            0.412            0.040           NaN
MyVoteSys <α=0.66, β=____, γ=0.80, Last>                  3.032            0.436            0.050           NaN
MyVoteSys <α=0.80, β=____, γ=____, First>                 3.032            0.436            0.050           NaN
MyVoteSys <α=0.50, β=____, γ=0.80, Last>                  3.032            0.436            0.050           NaN
MyVoteSys <α=0.50, β=____, γ=0.80, MaxEntropy>            3.032            0.434            0.050           NaN
MyVoteSys <α=0.66, β=____, γ=0.80, MaxEntropy>            3.032            0.434            0.050           NaN
MyVoteSys <α=0.80, β=____, γ=____, MinEntropy>            3.048            0.434            0.048           NaN
MyVoteSys <α=0.50, β=0.33, γ=____, MaxEntropy>            3.084            0.420            0.036           NaN
MyVoteSys <α=0.66, β=0.33, γ=____, MaxEntropy>            3.084            0.420            0.036           NaN
MyVoteSys <α=0.50, β=____, γ=0.66, MaxVariance>           3.096            0.352            0.022           NaN
MyVoteSys <α=0.50, β=0.33, γ=0.66, MaxVariance>           3.096            0.352            0.022           NaN
MyVoteSys <α=0.50, β=0.33, γ=____, Last>                  3.102            0.420            0.036           NaN
MyVoteSys <α=0.66, β=0.33, γ=____, Last>                  3.102            0.420            0.036           NaN
MyVoteSys <α=0.50, β=____, γ=0.66, MinEntropy>            3.120            0.362            0.020           NaN
MyVoteSys <α=0.50, β=____, γ=0.80, First>                 3.120            0.362            0.020           NaN
MyVoteSys <α=0.50, β=0.33, γ=____, First>                 3.120            0.362            0.020           NaN
MyVoteSys <α=0.50, β=____, γ=0.80, MinEntropy>            3.120            0.362            0.020           NaN
MyVoteSys <α=0.50, β=0.33, γ=0.80, First>                 3.120            0.362            0.020           NaN
MyVoteSys <α=0.50, β=0.33, γ=____, MinEntropy>            3.120            0.362            0.020           NaN
MyVoteSys <α=0.50, β=____, γ=0.66, First>                 3.120            0.362            0.020           NaN
MyVoteSys <α=0.50, β=____, γ=____, First>                 3.120            0.362            0.020           NaN
MyVoteSys <α=0.50, β=0.33, γ=0.66, First>                 3.120            0.362            0.020           NaN
MyVoteSys <α=0.50, β=0.33, γ=0.80, MinEntropy>            3.120            0.362            0.020           NaN
MyVoteSys <α=0.50, β=____, γ=____, MinEntropy>            3.120            0.362            0.020           NaN
MyVoteSys <α=0.50, β=0.33, γ=0.66, MinEntropy>            3.120            0.362            0.020           NaN
MyVoteSys <α=0.50, β=0.33, γ=____, MaxVariance>           3.170            0.350            0.026           NaN
MyVoteSys <α=0.50, β=0.33, γ=0.80, MaxVariance>           3.240            0.340            0.028           NaN
MyVoteSys <α=0.50, β=____, γ=0.80, MaxVariance>           3.290            0.340            0.030           NaN
MyVoteSys <α=0.80, β=____, γ=____, MinVariance>           3.446            0.410            0.068           NaN
MyVoteSys <α=0.80, β=0.33, γ=____, First>                 3.812            0.396            0.022           NaN
MyVoteSys <α=0.80, β=0.33, γ=____, MinEntropy>            3.820            0.394            0.022           NaN
MyVoteSys <α=0.80, β=0.33, γ=____, MinVariance>           3.900            0.394            0.020           NaN
MyVoteSys <α=0.80, β=0.33, γ=____, MaxVariance>           3.960            0.384            0.022           NaN
MyVoteSys <α=0.80, β=0.33, γ=____, Last>                  4.036            0.378            0.020           NaN
MyVoteSys <α=0.80, β=0.33, γ=____, MaxEntropy>            4.036            0.378            0.020           NaN
PreferentialBlockVoting                                   6.244            0.204            0.218           NaN
InstantRunoffVoting                                       6.254            0.202            0.218           NaN
SingleTransferableVote                                    6.254            0.202            0.218           NaN
MyVoteSys <α=0.50, β=____, γ=____, MaxVariance>           8.026            0.096            0.322           NaN
MyVoteSys <α=0.66, β=____, γ=____, MaxVariance>           8.060            0.096            0.324           NaN
MyVoteSys <α=0.80, β=____, γ=____, MaxVariance>           8.116            0.094            0.328           NaN
MyVoteSys <α=0.66, β=____, γ=____, Last>                  8.218            0.082            0.334           NaN
MyVoteSys <α=0.80, β=____, γ=____, MaxEntropy>            8.218            0.082            0.334           NaN
MyVoteSys <α=0.80, β=____, γ=____, Last>                  8.218            0.082            0.334           NaN
MyVoteSys <α=0.50, β=____, γ=____, Last>                  8.218            0.082            0.334           NaN
MyVoteSys <α=0.66, β=____, γ=____, MaxEntropy>            8.218            0.082            0.334           NaN
MyVoteSys <α=0.50, β=____, γ=____, MaxEntropy>            8.218            0.082            0.334           NaN
FirstPastThePost (but without tactical voting)            8.236            0.120            0.354           NaN
bestVoter (Dictatorship)                                  8.334            0.108            0.352  16874.865234

