
===== Last Election voting process ======

Stamp Counts Table:
Candidates  1852  2340  1393  1435  809  1120  1653  1157  2459  NullCandidate  1822  199  598  896  1644  838  727  2954  2514  2910
Stage                                                                                                                                
0            420   261     1   285    6     4     8     0     1              0     6    3    5    0     0    0    0     0     0     0
1            255   269    74   245   23    34    47     6     9              0    11    7    3    1    15    0    1     0     0     0
2            124   135   160   183   72    43   117    42    35              0     8   36   16    1    17    1    7     2     1     0
3             98   111   159    82  102    89   142    52    38              0    25   36   19    8    16    6   11     6     0     0
4             39    85   161    54  125   105   111    66    58              1    45   50   26   10    26    7   19    10     1     1
5             29    60   141    43  114   111    81    88    60              3    54   73   40   11    31   24   12    21     2     2
6             13    35    74    32  107   101    81    61    85             27    63   92   67   26    40   19   27    45     4     1
7              8    22    72    27  119    85    62    72    69             85    77   62   63   39    39   30   40    18     8     3
8              7     6    58    12   63    70    56    46    80            171    83   75   57   28    65   39   35    28    16     5
9              5     6    35    11   50    54    57    65    76            212    76   53   65   40    73   45   26    29    18     4
10             1     2    20     6   55    65    49    70    57            187    74   38   70   55    68   58   49    51    13    12
11             0     2    13     6   35    53    36    62    86            149    74   64   94   74    58   56   57    48    21    12
12             1     2    12     5   38    47    38    58    70             89    66   59   68   95    93   89   44    54    36    36
13             0     2    11     3   32    50    26    68    66             49    71   79   84  100    69   85   72    53    39    41
14             0     2     8     1   24    41    35    67    60             17    53   66   90  102    99   82   81    64    65    43
15             0     0     1     3   16    24    28    65    43              3    59   46   73  105    64  112   95    76   109    78
16             0     0     0     1   14    14     8    57    47              2    53   53   63   96    63  121   94    65   147   102
17             0     0     0     1    4     5     8    36    40              0    50   64   41   79    67  113   99   102   139   152
18             0     0     0     0    1     5     9    17    16              0    40   31   39  107    45   60  125   140   159   206
19             0     0     0     0    0     0     1     2     4              5    12   13   17   23    52   53  106   188   222   302

Processed Vote Counts Table:
Candidates  1852  2340  1393  1435   809  1120  1653  1157  2459  NullCandidate  1822   199   598   896  1644   838   727  2954  2514  2910
Stage                                                                                                                                      
0            420   261     1   285     6     4     8     0     1              0     6     3     5     0     0     0     0     0     0     0
1            675   530    75   530    29    38    55     6    10              0    17    10     8     1    15     0     1     0     0     0
2            799   665   235   713   101    81   172    48    45              0    25    46    24     2    32     1     8     2     1     0
3            897   776   394   795   203   170   314   100    83              0    50    82    43    10    48     7    19     8     1     0
4            936   861   555   849   328   275   425   166   141              1    95   132    69    20    74    14    38    18     2     1
5            965   921   696   892   442   386   506   254   201              4   149   205   109    31   105    38    50    39     4     3
6            978   956   770   924   549   487   587   315   286             31   212   297   176    57   145    57    77    84     8     4
7            986   978   842   951   668   572   649   387   355            116   289   359   239    96   184    87   117   102    16     7
8            993   984   900   963   731   642   705   433   435            287   372   434   296   124   249   126   152   130    32    12
9            998   990   935   974   781   696   762   498   511            499   448   487   361   164   322   171   178   159    50    16
10           999   992   955   980   836   761   811   568   568            686   522   525   431   219   390   229   227   210    63    28
11           999   994   968   986   871   814   847   630   654            835   596   589   525   293   448   285   284   258    84    40
12          1000   996   980   991   909   861   885   688   724            924   662   648   593   388   541   374   328   312   120    76
13          1000   998   991   994   941   911   911   756   790            973   733   727   677   488   610   459   400   365   159   117
14          1000  1000   999   995   965   952   946   823   850            990   786   793   767   590   709   541   481   429   224   160
15          1000  1000  1000   998   981   976   974   888   893            993   845   839   840   695   773   653   576   505   333   238
16          1000  1000  1000   999   995   990   982   945   940            995   898   892   903   791   836   774   670   570   480   340
17          1000  1000  1000  1000   999   995   990   981   980            995   948   956   944   870   903   887   769   672   619   492
18          1000  1000  1000  1000  1000  1000   999   998   996            995   988   987   983   977   948   947   894   812   778   698
19          1000  1000  1000  1000  1000  1000  1000  1000  1000           1000  1000  1000  1000  1000  1000  1000  1000  1000  1000  1000

Score(%) of Candidates Table:
Candidates   1852   2340   1393   1435    809   1120   1653   1157   2459  NullCandidate   1822    199    598    896   1644    838    727   2954   2514   2910
Stage                                                                                                                                                         
0            42.0   26.1    0.1   28.5    0.6    0.4    0.8    0.0    0.1            0.0    0.6    0.3    0.5    0.0    0.0    0.0    0.0    0.0    0.0    0.0
1            67.5   53.0    7.5   53.0    2.9    3.8    5.5    0.6    1.0            0.0    1.7    1.0    0.8    0.1    1.5    0.0    0.1    0.0    0.0    0.0
2            79.9   66.5   23.5   71.3   10.1    8.1   17.2    4.8    4.5            0.0    2.5    4.6    2.4    0.2    3.2    0.1    0.8    0.2    0.1    0.0
3            89.7   77.6   39.4   79.5   20.3   17.0   31.4   10.0    8.3            0.0    5.0    8.2    4.3    1.0    4.8    0.7    1.9    0.8    0.1    0.0
4            93.6   86.1   55.5   84.9   32.8   27.5   42.5   16.6   14.1            0.1    9.5   13.2    6.9    2.0    7.4    1.4    3.8    1.8    0.2    0.1
5            96.5   92.1   69.6   89.2   44.2   38.6   50.6   25.4   20.1            0.4   14.9   20.5   10.9    3.1   10.5    3.8    5.0    3.9    0.4    0.3
6            97.8   95.6   77.0   92.4   54.9   48.7   58.7   31.5   28.6            3.1   21.2   29.7   17.6    5.7   14.5    5.7    7.7    8.4    0.8    0.4
7            98.6   97.8   84.2   95.1   66.8   57.2   64.9   38.7   35.5           11.6   28.9   35.9   23.9    9.6   18.4    8.7   11.7   10.2    1.6    0.7
8            99.3   98.4   90.0   96.3   73.1   64.2   70.5   43.3   43.5           28.7   37.2   43.4   29.6   12.4   24.9   12.6   15.2   13.0    3.2    1.2
9            99.8   99.0   93.5   97.4   78.1   69.6   76.2   49.8   51.1           49.9   44.8   48.7   36.1   16.4   32.2   17.1   17.8   15.9    5.0    1.6
10           99.9   99.2   95.5   98.0   83.6   76.1   81.1   56.8   56.8           68.6   52.2   52.5   43.1   21.9   39.0   22.9   22.7   21.0    6.3    2.8
11           99.9   99.4   96.8   98.6   87.1   81.4   84.7   63.0   65.4           83.5   59.6   58.9   52.5   29.3   44.8   28.5   28.4   25.8    8.4    4.0
12          100.0   99.6   98.0   99.1   90.9   86.1   88.5   68.8   72.4           92.4   66.2   64.8   59.3   38.8   54.1   37.4   32.8   31.2   12.0    7.6
13          100.0   99.8   99.1   99.4   94.1   91.1   91.1   75.6   79.0           97.3   73.3   72.7   67.7   48.8   61.0   45.9   40.0   36.5   15.9   11.7
14          100.0  100.0   99.9   99.5   96.5   95.2   94.6   82.3   85.0           99.0   78.6   79.3   76.7   59.0   70.9   54.1   48.1   42.9   22.4   16.0
15          100.0  100.0  100.0   99.8   98.1   97.6   97.4   88.8   89.3           99.3   84.5   83.9   84.0   69.5   77.3   65.3   57.6   50.5   33.3   23.8
16          100.0  100.0  100.0   99.9   99.5   99.0   98.2   94.5   94.0           99.5   89.8   89.2   90.3   79.1   83.6   77.4   67.0   57.0   48.0   34.0
17          100.0  100.0  100.0  100.0   99.9   99.5   99.0   98.1   98.0           99.5   94.8   95.6   94.4   87.0   90.3   88.7   76.9   67.2   61.9   49.2
18          100.0  100.0  100.0  100.0  100.0  100.0   99.9   99.8   99.6           99.5   98.8   98.7   98.3   97.7   94.8   94.7   89.4   81.2   77.8   69.8
19          100.0  100.0  100.0  100.0  100.0  100.0  100.0  100.0  100.0          100.0  100.0  100.0  100.0  100.0  100.0  100.0  100.0  100.0  100.0  100.0

                                                 winner  winStage                                                      validStages
algorithm                                                                                                                         
InstantRunoffVoting                                1852       NaN                                                              NaN
SingleTransferableVote                             1852       NaN                                                              NaN
PreferentialBlockVoting                            1852       NaN                                                              NaN
FirstPastThePost (but without tactical voting)     1852       NaN                                                              NaN
MyVoteSys <α=0.50, β=____, γ=____, First>          1852       1.0  [1, 2, 3, 4, 5, 6, 7, 8, 9, 10, 11, 12, 13, 14, 15, 16, 17, 18]
MyVoteSys <α=0.50, β=____, γ=____, Last>           1852      18.0  [1, 2, 3, 4, 5, 6, 7, 8, 9, 10, 11, 12, 13, 14, 15, 16, 17, 18]
MyVoteSys <α=0.50, β=____, γ=____, MinEntropy>     1852       1.0  [1, 2, 3, 4, 5, 6, 7, 8, 9, 10, 11, 12, 13, 14, 15, 16, 17, 18]
MyVoteSys <α=0.50, β=____, γ=____, MaxEntropy>     1852      18.0  [1, 2, 3, 4, 5, 6, 7, 8, 9, 10, 11, 12, 13, 14, 15, 16, 17, 18]
MyVoteSys <α=0.50, β=____, γ=____, MinVariance>    1852       7.0  [1, 2, 3, 4, 5, 6, 7, 8, 9, 10, 11, 12, 13, 14, 15, 16, 17, 18]
MyVoteSys <α=0.50, β=____, γ=____, MaxVariance>    1852      18.0  [1, 2, 3, 4, 5, 6, 7, 8, 9, 10, 11, 12, 13, 14, 15, 16, 17, 18]
MyVoteSys <α=0.50, β=____, γ=0.66, First>          1852       1.0                                                              [1]
MyVoteSys <α=0.50, β=____, γ=0.66, Last>           1852       1.0                                                              [1]
MyVoteSys <α=0.50, β=____, γ=0.66, MinEntropy>     1852       1.0                                                              [1]
MyVoteSys <α=0.50, β=____, γ=0.66, MaxEntropy>     1852       1.0                                                              [1]
MyVoteSys <α=0.50, β=____, γ=0.66, MinVariance>    1852       1.0                                                              [1]
MyVoteSys <α=0.50, β=____, γ=0.66, MaxVariance>    1852       1.0                                                              [1]
MyVoteSys <α=0.50, β=____, γ=0.80, First>          1852       1.0                                                        [1, 2, 3]
MyVoteSys <α=0.50, β=____, γ=0.80, Last>           1852       3.0                                                        [1, 2, 3]
MyVoteSys <α=0.50, β=____, γ=0.80, MinEntropy>     1852       1.0                                                        [1, 2, 3]
MyVoteSys <α=0.50, β=____, γ=0.80, MaxEntropy>     1852       3.0                                                        [1, 2, 3]
MyVoteSys <α=0.50, β=____, γ=0.80, MinVariance>    1852       3.0                                                        [1, 2, 3]
MyVoteSys <α=0.50, β=____, γ=0.80, MaxVariance>    1852       1.0                                                        [1, 2, 3]
MyVoteSys <α=0.50, β=0.33, γ=____, First>          1852       1.0                                         [1, 2, 3, 4, 5, 6, 7, 8]
MyVoteSys <α=0.50, β=0.33, γ=____, Last>           1852       8.0                                         [1, 2, 3, 4, 5, 6, 7, 8]
MyVoteSys <α=0.50, β=0.33, γ=____, MinEntropy>     1852       1.0                                         [1, 2, 3, 4, 5, 6, 7, 8]
MyVoteSys <α=0.50, β=0.33, γ=____, MaxEntropy>     1852       8.0                                         [1, 2, 3, 4, 5, 6, 7, 8]
MyVoteSys <α=0.50, β=0.33, γ=____, MinVariance>    1852       7.0                                         [1, 2, 3, 4, 5, 6, 7, 8]
MyVoteSys <α=0.50, β=0.33, γ=____, MaxVariance>    1852       1.0                                         [1, 2, 3, 4, 5, 6, 7, 8]
MyVoteSys <α=0.50, β=0.33, γ=0.66, First>          1852       1.0                                                              [1]
MyVoteSys <α=0.50, β=0.33, γ=0.66, Last>           1852       1.0                                                              [1]
MyVoteSys <α=0.50, β=0.33, γ=0.66, MinEntropy>     1852       1.0                                                              [1]
MyVoteSys <α=0.50, β=0.33, γ=0.66, MaxEntropy>     1852       1.0                                                              [1]
MyVoteSys <α=0.50, β=0.33, γ=0.66, MinVariance>    1852       1.0                                                              [1]
MyVoteSys <α=0.50, β=0.33, γ=0.66, MaxVariance>    1852       1.0                                                              [1]
MyVoteSys <α=0.50, β=0.33, γ=0.80, First>          1852       1.0                                                        [1, 2, 3]
MyVoteSys <α=0.50, β=0.33, γ=0.80, Last>           1852       3.0                                                        [1, 2, 3]
MyVoteSys <α=0.50, β=0.33, γ=0.80, MinEntropy>     1852       1.0                                                        [1, 2, 3]
MyVoteSys <α=0.50, β=0.33, γ=0.80, MaxEntropy>     1852       3.0                                                        [1, 2, 3]
MyVoteSys <α=0.50, β=0.33, γ=0.80, MinVariance>    1852       3.0                                                        [1, 2, 3]
MyVoteSys <α=0.50, β=0.33, γ=0.80, MaxVariance>    1852       1.0                                                        [1, 2, 3]
MyVoteSys <α=0.66, β=____, γ=____, First>          1852       1.0  [1, 2, 3, 4, 5, 6, 7, 8, 9, 10, 11, 12, 13, 14, 15, 16, 17, 18]
MyVoteSys <α=0.66, β=____, γ=____, Last>           1852      18.0  [1, 2, 3, 4, 5, 6, 7, 8, 9, 10, 11, 12, 13, 14, 15, 16, 17, 18]
MyVoteSys <α=0.66, β=____, γ=____, MinEntropy>     1852       1.0  [1, 2, 3, 4, 5, 6, 7, 8, 9, 10, 11, 12, 13, 14, 15, 16, 17, 18]
MyVoteSys <α=0.66, β=____, γ=____, MaxEntropy>     1852      18.0  [1, 2, 3, 4, 5, 6, 7, 8, 9, 10, 11, 12, 13, 14, 15, 16, 17, 18]
MyVoteSys <α=0.66, β=____, γ=____, MinVariance>    1852       7.0  [1, 2, 3, 4, 5, 6, 7, 8, 9, 10, 11, 12, 13, 14, 15, 16, 17, 18]
MyVoteSys <α=0.66, β=____, γ=____, MaxVariance>    1852      18.0  [1, 2, 3, 4, 5, 6, 7, 8, 9, 10, 11, 12, 13, 14, 15, 16, 17, 18]
MyVoteSys <α=0.66, β=____, γ=0.80, First>          1852       1.0                                                        [1, 2, 3]
MyVoteSys <α=0.66, β=____, γ=0.80, Last>           1852       3.0                                                        [1, 2, 3]
MyVoteSys <α=0.66, β=____, γ=0.80, MinEntropy>     1852       1.0                                                        [1, 2, 3]
MyVoteSys <α=0.66, β=____, γ=0.80, MaxEntropy>     1852       3.0                                                        [1, 2, 3]
MyVoteSys <α=0.66, β=____, γ=0.80, MinVariance>    1852       3.0                                                        [1, 2, 3]
MyVoteSys <α=0.66, β=____, γ=0.80, MaxVariance>    1852       1.0                                                        [1, 2, 3]
MyVoteSys <α=0.66, β=0.33, γ=____, First>          1852       1.0                                         [1, 2, 3, 4, 5, 6, 7, 8]
MyVoteSys <α=0.66, β=0.33, γ=____, Last>           1852       8.0                                         [1, 2, 3, 4, 5, 6, 7, 8]
MyVoteSys <α=0.66, β=0.33, γ=____, MinEntropy>     1852       1.0                                         [1, 2, 3, 4, 5, 6, 7, 8]
MyVoteSys <α=0.66, β=0.33, γ=____, MaxEntropy>     1852       8.0                                         [1, 2, 3, 4, 5, 6, 7, 8]
MyVoteSys <α=0.66, β=0.33, γ=____, MinVariance>    1852       7.0                                         [1, 2, 3, 4, 5, 6, 7, 8]
MyVoteSys <α=0.66, β=0.33, γ=____, MaxVariance>    1852       1.0                                         [1, 2, 3, 4, 5, 6, 7, 8]
MyVoteSys <α=0.66, β=0.33, γ=0.80, First>          1852       1.0                                                        [1, 2, 3]
MyVoteSys <α=0.66, β=0.33, γ=0.80, Last>           1852       3.0                                                        [1, 2, 3]
MyVoteSys <α=0.66, β=0.33, γ=0.80, MinEntropy>     1852       1.0                                                        [1, 2, 3]
MyVoteSys <α=0.66, β=0.33, γ=0.80, MaxEntropy>     1852       3.0                                                        [1, 2, 3]
MyVoteSys <α=0.66, β=0.33, γ=0.80, MinVariance>    1852       3.0                                                        [1, 2, 3]
MyVoteSys <α=0.66, β=0.33, γ=0.80, MaxVariance>    1852       1.0                                                        [1, 2, 3]
MyVoteSys <α=0.80, β=____, γ=____, First>          1852       3.0        [3, 4, 5, 6, 7, 8, 9, 10, 11, 12, 13, 14, 15, 16, 17, 18]
MyVoteSys <α=0.80, β=____, γ=____, Last>           1852      18.0        [3, 4, 5, 6, 7, 8, 9, 10, 11, 12, 13, 14, 15, 16, 17, 18]
MyVoteSys <α=0.80, β=____, γ=____, MinEntropy>     1852       3.0        [3, 4, 5, 6, 7, 8, 9, 10, 11, 12, 13, 14, 15, 16, 17, 18]
MyVoteSys <α=0.80, β=____, γ=____, MaxEntropy>     1852      18.0        [3, 4, 5, 6, 7, 8, 9, 10, 11, 12, 13, 14, 15, 16, 17, 18]
MyVoteSys <α=0.80, β=____, γ=____, MinVariance>    1852       7.0        [3, 4, 5, 6, 7, 8, 9, 10, 11, 12, 13, 14, 15, 16, 17, 18]
MyVoteSys <α=0.80, β=____, γ=____, MaxVariance>    1852      18.0        [3, 4, 5, 6, 7, 8, 9, 10, 11, 12, 13, 14, 15, 16, 17, 18]
MyVoteSys <α=0.80, β=0.33, γ=____, First>          1852       3.0                                               [3, 4, 5, 6, 7, 8]
MyVoteSys <α=0.80, β=0.33, γ=____, Last>           1852       8.0                                               [3, 4, 5, 6, 7, 8]
MyVoteSys <α=0.80, β=0.33, γ=____, MinEntropy>     1852       3.0                                               [3, 4, 5, 6, 7, 8]
MyVoteSys <α=0.80, β=0.33, γ=____, MaxEntropy>     1852       8.0                                               [3, 4, 5, 6, 7, 8]
MyVoteSys <α=0.80, β=0.33, γ=____, MinVariance>    1852       7.0                                               [3, 4, 5, 6, 7, 8]
MyVoteSys <α=0.80, β=0.33, γ=____, MaxVariance>    1852       3.0                                               [3, 4, 5, 6, 7, 8]
bestVoter (Dictatorship)                           1435       NaN                                                              NaN
crowd-Mean                                         1852       NaN                                                              NaN
crowd-Median                                       1852       NaN                                                              NaN 

Last Election Candidates:
                        y
Candidates               
2910          -255.279036
2514          -220.115793
2954          -152.723792
727           -134.164470
838           -123.021737
896           -122.912385
1644           -61.014680
598            -60.019671
1822           -38.007019
199            -24.937880
2459           -17.798142
NullCandidate   -3.467414
1157            -3.467413
1120            59.021040
809             74.976238
1653            88.963636
1393           145.226833
2340           272.437080
1435           280.381907
1852           323.755587

Voters Validation Mean Squared Error:
[11314.47, 10064.21, 6961.06, 11611.53, 11362.41, 10277.02, 12267.72, 10542.03, 10133.34, 10508.19, 10750.31, 11371.35, 9277.53, 10621.2, 9005.3, 9836.67, 11092.07, 8872.27, 7442.02, 8979.51, 10254.22, 11221.76, 10727.28, 10900.89, 8783.48, 11297.95, 11115.52, 10081.22, 11239.36, 9516.64, 10361.74, 9273.47, 9499.31, 11734.94, 8368.99, 10102.47, 11202.52, 12190.88, 13643.53, 11281.54, 12207.12, 10929.41, 12806.55, 10691.35, 9761.69, 10941.44, 12088.83, 9910.45, 12251.19, 11914.59, 9181.29, 10838.83, 8870.88, 12517.61, 13750.07, 8035.89, 8746.44, 10504.59, 10162.33, 9833.78, 13099.27, 11024.38, 11182.98, 11922.18, 13050.96, 9281.61, 12480.42, 10096.11, 10804.17, 14091.82, 10490.43, 10337.06, 7834.98, 11102.31, 11129.81, 9347.84, 9006.9, 9882.36, 14411.93, 10730.15, 9506.93, 7893.86, 12973.91, 11488.55, 12329.74, 13380.0, 11167.48, 11762.06, 7906.15, 9255.78, 10858.63, 12027.1, 12845.74, 11450.53, 11815.84, 13982.54, 11790.39, 11481.12, 7254.37, 12429.43, 9917.6, 10532.07, 11345.45, 12964.33, 9430.96, 10488.41, 11375.64, 9488.14, 13205.91, 9220.66, 11171.93, 15166.23, 10710.73, 11882.73, 11325.88, 14777.16, 10699.04, 11828.45, 11186.64, 13227.28, 10389.42, 12591.38, 9684.31, 12915.7, 10780.65, 7789.72, 9384.37, 8033.44, 11317.59, 10662.08, 9113.87, 8473.04, 9535.1, 12117.44, 11331.66, 11403.9, 13043.37, 10444.26, 11642.67, 11337.06, 8784.53, 9485.24, 10372.23, 10539.7, 11382.37, 10653.11, 10592.03, 10824.12, 12795.32, 12579.28, 10217.21, 11216.11, 13482.61, 9595.48, 10617.0, 11917.82, 13235.6, 9980.1, 11147.75, 11515.16, 9433.79, 10914.85, 10363.49, 10697.0, 12481.96, 9478.31, 10972.16, 7742.85, 9413.86, 13321.14, 12186.87, 9974.06, 8677.4, 8442.62, 11968.64, 14014.8, 11220.19, 11001.72, 8059.83, 10067.02, 7591.04, 10861.04, 10779.67, 11651.54, 11943.48, 13915.76, 10058.59, 9419.73, 7233.48, 9441.44, 9543.1, 12047.81, 11004.6, 10584.77, 8347.65, 10875.88, 12767.16, 9376.43, 10714.25, 12740.62, 10040.27, 10721.68, 9521.7, 12132.48, 10069.75, 13321.08, 11057.84, 10240.45, 8355.41, 8702.84, 9778.22, 11603.4, 12806.43, 10613.14, 9885.69, 8288.0, 12458.44, 10344.58, 8812.63, 12462.55, 9063.61, 10987.95, 11036.16, 9954.06, 7826.99, 11174.42, 11249.09, 9642.5, 10778.04, 8996.8, 9415.3, 11629.08, 9787.49, 9063.62, 11385.04, 8794.12, 13079.05, 11881.4, 12118.4, 11545.25, 8595.47, 11020.48, 11445.89, 9383.07, 10770.46, 9746.78, 9076.79, 14077.39, 10329.06, 8762.11, 8842.59, 8314.91, 11633.47, 11329.45, 11234.84, 11417.33, 12287.58, 9850.7, 9006.95, 8603.51, 9521.98, 11042.87, 10683.33, 10428.32, 12011.82, 11082.65, 11795.63, 8971.16, 10450.27, 8981.45, 12146.37, 13074.17, 11016.97, 9602.81, 9967.83, 9786.69, 13012.47, 8138.2, 10300.13, 9987.33, 7828.16, 10819.9, 8913.25, 7949.3, 13307.82, 9112.51, 13278.6, 12391.59, 9294.25, 11118.82, 8286.97, 9873.5, 11844.47, 7178.84, 13595.49, 7044.78, 12456.9, 11898.41, 11358.34, 10467.49, 9893.56, 13613.02, 11470.35, 10136.29, 10145.44, 14787.57, 8313.64, 10045.02, 10376.26, 12851.34, 10008.87, 9781.9, 9173.47, 10013.94, 12791.73, 10720.92, 11471.43, 9284.17, 8586.1, 12823.18, 12407.44, 12028.2, 10538.55, 8871.8, 8451.05, 9727.04, 15337.47, 10301.69, 11283.88, 9000.32, 10178.31, 9272.7, 10147.96, 13050.92, 13566.72, 9953.4, 11834.41, 10559.64, 9719.07, 12317.22, 12263.17, 10226.92, 12290.26, 8415.88, 10838.33, 8955.34, 9560.01, 13624.98, 12574.42, 9817.92, 9478.62, 11418.22, 11166.92, 7723.35, 11965.37, 8265.08, 9023.59, 12842.6, 11641.5, 13337.21, 11720.84, 13712.07, 8584.79, 9256.5, 9999.65, 9831.07, 13341.9, 6744.87, 10271.19, 10161.33, 10099.71, 14053.62, 9292.42, 11495.66, 10131.85, 11695.01, 11544.5, 9825.87, 9584.31, 8146.48, 9487.98, 11078.83, 10558.2, 11340.59, 7764.9, 11660.67, 10960.45, 10322.48, 12299.02, 8770.77, 8785.96, 9478.95, 13017.98, 12856.55, 9789.03, 10762.41, 10326.54, 12487.3, 7732.06, 11085.22, 9925.13, 8810.53, 12238.3, 11753.03, 10534.36, 12727.1, 10939.21, 12722.69, 9813.15, 11760.89, 12610.32, 10745.22, 9502.74, 9419.61, 10979.86, 12443.4, 8648.64, 13370.31, 9205.61, 11268.95, 14243.53, 12739.16, 9404.01, 13367.61, 8134.3, 10003.2, 10332.22, 9552.51, 12242.64, 11806.1, 9128.52, 9328.78, 12863.83, 9850.1, 10607.86, 9144.15, 10029.04, 12572.87, 8141.24, 8752.84, 12248.78, 9103.6, 11936.4, 8021.43, 11329.72, 10896.43, 12466.32, 10898.13, 12591.11, 8053.19, 10530.16, 7677.45, 12635.11, 10974.98, 11242.67, 9297.12, 8596.0, 13893.05, 10864.05, 13923.24, 10205.7, 11537.15, 10540.48, 10441.83, 10681.44, 12620.56, 14718.51, 10979.86, 6862.72, 8965.7, 8035.83, 13123.41, 14686.25, 11881.59, 10968.1, 10724.16, 10260.68, 9727.44, 13070.19, 11165.04, 12330.88, 10957.52, 9462.82, 12675.22, 9994.39, 12408.62, 14056.08, 8757.61, 11414.83, 11839.49, 11716.64, 9641.36, 10044.12, 8316.3, 10643.35, 8976.9, 12936.47, 10422.26, 10652.76, 10212.49, 12738.56, 14188.06, 9592.76, 9716.87, 7755.69, 12052.69, 11551.16, 9101.67, 9865.99, 13705.04, 11157.95, 11365.44, 13024.31, 12366.31, 10085.62, 9093.48, 9458.61, 11738.0, 12162.34, 10706.5, 10820.76, 11612.71, 9446.29, 8828.11, 13254.93, 8461.64, 9619.54, 10817.28, 10175.16, 11862.17, 8004.62, 8669.72, 11062.51, 12113.73, 10430.43, 11244.76, 8671.14, 9192.56, 14383.39, 10911.9, 12035.33, 11924.92, 10496.87, 11050.84, 10650.13, 8400.32, 12489.26, 9838.45, 7984.9, 10499.63, 9021.53, 10465.62, 8927.13, 8918.13, 10044.4, 9436.26, 12365.57, 13213.61, 9966.64, 11641.22, 13142.15, 8368.56, 8150.43, 9677.22, 10410.04, 10312.97, 10650.51, 9134.28, 13222.04, 9151.24, 11176.04, 11918.33, 12476.45, 13792.25, 6908.21, 8028.58, 11637.93, 12973.94, 12647.36, 10300.4, 13198.21, 11166.6, 11384.11, 11623.23, 12026.21, 9497.96, 9901.11, 9661.73, 10706.39, 11568.29, 10489.83, 11858.79, 9925.71, 12105.78, 12803.94, 10807.32, 11376.11, 12465.44, 12901.36, 15705.07, 14010.91, 10129.94, 12354.46, 9283.72, 11643.21, 9175.64, 12465.49, 10228.06, 10341.45, 11312.07, 11192.13, 10990.77, 12569.49, 11899.27, 6443.34, 12676.77, 10869.93, 11451.07, 10669.36, 9196.56, 11330.38, 8029.19, 11956.38, 10143.6, 9384.27, 10244.57, 9134.95, 12239.86, 8920.18, 11389.75, 13095.04, 8441.03, 10098.19, 8516.74, 13756.8, 10996.36, 11424.01, 10961.09, 10926.48, 12206.22, 12764.94, 11514.0, 12504.27, 8761.67, 7239.96, 7288.5, 10637.02, 12248.19, 11484.7, 11475.76, 9505.03, 11344.3, 13785.13, 8002.63, 10886.81, 9263.58, 11009.33, 13561.06, 14318.67, 7751.86, 8985.55, 11930.77, 11074.16, 11108.41, 10851.88, 8570.47, 11882.33, 12185.69, 11414.82, 9388.74, 9885.05, 8998.29, 12550.49, 9869.11, 10515.03, 8476.93, 14040.96, 10020.51, 10081.12, 8706.91, 8400.99, 8529.71, 9034.49, 9659.51, 8695.17, 10022.85, 11102.02, 12124.68, 11392.62, 11046.24, 8338.57, 9318.57, 12180.77, 8454.32, 10880.79, 14259.89, 9062.49, 8608.11, 8018.23, 8593.38, 9894.27, 12463.11, 10826.77, 11325.43, 11766.89, 10669.92, 7531.11, 12709.88, 9873.9, 9437.68, 10784.64, 13029.75, 8452.62, 12374.91, 9523.32, 9038.65, 12009.19, 13784.41, 10856.82, 11388.22, 10648.88, 9819.32, 10217.21, 10094.54, 10556.14, 10276.54, 11515.04, 14024.56, 8398.15, 9058.67, 14911.2, 10859.92, 8619.84, 10849.16, 8493.04, 15189.37, 13725.17, 9197.21, 10512.68, 6214.65, 9387.68, 12019.29, 10669.04, 15511.66, 11648.6, 11815.6, 13318.37, 10936.2, 9282.88, 11051.77, 9534.41, 10147.87, 12028.26, 12591.16, 9908.78, 9847.34, 12168.79, 13347.33, 13499.49, 11642.97, 12843.79, 14097.67, 13396.74, 10547.77, 10127.61, 12616.14, 12027.6, 9088.1, 10249.25, 8224.54, 11111.78, 11732.79, 10955.28, 13742.31, 9754.16, 8768.0, 10826.72, 9391.65, 9365.56, 10936.11, 10860.84, 11178.88, 11661.31, 9847.02, 10027.34, 11885.85, 12211.43, 7975.52, 8544.36, 13504.79, 11487.94, 9486.47, 12780.43, 8569.41, 14848.19, 10688.58, 9518.59, 11616.15, 10626.26, 9374.3, 12082.13, 10691.43, 12843.08, 11195.59, 10766.22, 10994.72, 7607.59, 12931.13, 8255.28, 7598.72, 10728.14, 12344.91, 10205.69, 11317.28, 8578.08, 8713.69, 10378.2, 11380.24, 11600.05, 15244.27, 12821.83, 12394.87, 9183.02, 10989.52, 10497.76, 12339.56, 8490.11, 10414.23, 9924.51, 10735.68, 9561.15, 11870.38, 11364.81, 13451.55, 10739.06, 10272.12, 10549.31, 10884.35, 11570.89, 11591.76, 10329.61, 7335.94, 8975.83, 11652.2, 11470.3, 9608.58, 12587.94, 10355.69, 12795.37, 9813.52, 14827.27, 11012.25, 13848.35, 13683.35, 7871.75, 12302.51, 10402.8, 11485.81, 13129.77, 11754.95, 11438.49, 12126.1, 8592.28, 12544.67, 11238.21, 10426.4, 9998.1, 10833.19, 10084.01, 11436.84, 10126.01, 11967.28, 11875.32, 9340.85, 9348.98, 9794.35, 9281.89, 12630.54, 8938.49, 9939.21, 8071.37, 9038.59, 10340.93, 9133.76, 10035.81, 9927.83, 13221.01, 9983.7, 9891.64, 11209.87, 9281.07, 9982.38, 9670.75, 12812.64, 12484.66, 11860.93, 9977.02, 9618.26, 9328.0, 9673.2, 10225.47, 8932.28, 10825.78, 8330.95, 8559.64, 8558.7, 10008.03, 6899.99, 10199.97, 11020.32, 11421.94, 11692.99, 14766.24, 9905.25, 9213.13, 10445.72, 10598.1, 8452.15, 11846.14, 11222.29, 7123.14, 14245.03, 10751.65, 14060.13, 13085.36, 10101.89, 12741.14, 10969.12, 9880.29, 8283.95, 8769.0, 8737.5, 13962.73, 7117.23, 11963.99, 10420.5, 11937.45, 10107.76, 9433.98, 11742.03, 11089.32, 10159.26, 11160.54, 10047.94, 9655.1, 13440.61, 11558.68, 10189.63, 11288.81, 12849.29, 8045.02, 9823.85, 11084.13, 12511.93, 12000.32, 10906.57, 8270.79, 9647.27, 10320.69, 9425.63, 12899.0, 13739.65, 10085.39, 10837.58, 10900.41, 9227.24, 9987.74, 10636.44, 13806.49, 10583.19, 10057.49, 12359.33, 11732.56, 12290.6, 11779.85, 11186.51, 11243.04, 8740.74, 11193.35, 12438.56, 10616.93, 10846.88, 13213.3, 10011.51, 12331.26, 10660.63, 11023.25, 9374.6, 11381.38, 13186.77, 12151.73, 10246.88, 10639.69, 7512.61, 9015.39, 11092.91, 9945.82, 9756.93, 13068.97, 14529.19]

Voters Validation Mean Error:
[106.37, 100.32, 83.43, 107.76, 106.59, 101.38, 110.76, 102.67, 100.66, 102.51, 103.68, 106.64, 96.32, 103.06, 94.9, 99.18, 105.32, 94.19, 86.27, 94.76, 101.26, 105.93, 103.57, 104.41, 93.72, 106.29, 105.43, 100.41, 106.02, 97.55, 101.79, 96.3, 97.46, 108.33, 91.48, 100.51, 105.84, 110.41, 116.81, 106.21, 110.49, 104.54, 113.17, 103.4, 98.8, 104.6, 109.95, 99.55, 110.69, 109.15, 95.82, 104.11, 94.19, 111.88, 117.26, 89.64, 93.52, 102.49, 100.81, 99.17, 114.45, 105.0, 105.75, 109.19, 114.24, 96.34, 111.72, 100.48, 103.94, 118.71, 102.42, 101.67, 88.52, 105.37, 105.5, 96.68, 94.9, 99.41, 120.05, 103.59, 97.5, 88.85, 113.9, 107.18, 111.04, 115.67, 105.68, 108.45, 88.92, 96.21, 104.2, 109.67, 113.34, 107.01, 108.7, 118.25, 108.58, 107.15, 85.17, 111.49, 99.59, 102.63, 106.52, 113.86, 97.11, 102.41, 106.66, 97.41, 114.92, 96.02, 105.7, 123.15, 103.49, 109.01, 106.42, 121.56, 103.44, 108.76, 105.77, 115.01, 101.93, 112.21, 98.41, 113.65, 103.83, 88.26, 96.87, 89.63, 106.38, 103.26, 95.47, 92.05, 97.65, 110.08, 106.45, 106.79, 114.21, 102.2, 107.9, 106.48, 93.73, 97.39, 101.84, 102.66, 106.69, 103.21, 102.92, 104.04, 113.12, 112.16, 101.08, 105.91, 116.11, 97.96, 103.04, 109.17, 115.05, 99.9, 105.58, 107.31, 97.13, 104.47, 101.8, 103.43, 111.72, 97.36, 104.75, 87.99, 97.03, 115.42, 110.39, 99.87, 93.15, 91.88, 109.4, 118.38, 105.93, 104.89, 89.78, 100.33, 87.13, 104.22, 103.83, 107.94, 109.29, 117.97, 100.29, 97.06, 85.05, 97.17, 97.69, 109.76, 104.9, 102.88, 91.37, 104.29, 112.99, 96.83, 103.51, 112.87, 100.2, 103.55, 97.58, 110.15, 100.35, 115.42, 105.16, 101.2, 91.41, 93.29, 98.88, 107.72, 113.17, 103.02, 99.43, 91.04, 111.62, 101.71, 93.88, 111.64, 95.2, 104.82, 105.05, 99.77, 88.47, 105.71, 106.06, 98.2, 103.82, 94.85, 97.03, 107.84, 98.93, 95.2, 106.7, 93.78, 114.36, 109.0, 110.08, 107.45, 92.71, 104.98, 106.99, 96.87, 103.78, 98.73, 95.27, 118.65, 101.63, 93.61, 94.04, 91.19, 107.86, 106.44, 105.99, 106.85, 110.85, 99.25, 94.9, 92.76, 97.58, 105.09, 103.36, 102.12, 109.6, 105.27, 108.61, 94.72, 102.23, 94.77, 110.21, 114.34, 104.96, 97.99, 99.84, 98.93, 114.07, 90.21, 101.49, 99.94, 88.48, 104.02, 94.41, 89.16, 115.36, 95.46, 115.23, 111.32, 96.41, 105.45, 91.03, 99.37, 108.83, 84.73, 116.6, 83.93, 111.61, 109.08, 106.58, 102.31, 99.47, 116.67, 107.1, 100.68, 100.72, 121.6, 91.18, 100.22, 101.86, 113.36, 100.04, 98.9, 95.78, 100.07, 113.1, 103.54, 107.1, 96.35, 92.66, 113.24, 111.39, 109.67, 102.66, 94.19, 91.93, 98.63, 123.84, 101.5, 106.23, 94.87, 100.89, 96.29, 100.74, 114.24, 116.48, 99.77, 108.79, 102.76, 98.59, 110.98, 110.74, 101.13, 110.86, 91.74, 104.11, 94.63, 97.78, 116.73, 112.14, 99.09, 97.36, 106.86, 105.67, 87.88, 109.39, 90.91, 94.99, 113.33, 107.9, 115.49, 108.26, 117.1, 92.65, 96.21, 100.0, 99.15, 115.51, 82.13, 101.35, 100.8, 100.5, 118.55, 96.4, 107.22, 100.66, 108.14, 107.45, 99.13, 97.9, 90.26, 97.41, 105.26, 102.75, 106.49, 88.12, 107.98, 104.69, 101.6, 110.9, 93.65, 93.73, 97.36, 114.1, 113.39, 98.94, 103.74, 101.62, 111.75, 87.93, 105.29, 99.62, 93.86, 110.63, 108.41, 102.64, 112.81, 104.59, 112.79, 99.06, 108.45, 112.3, 103.66, 97.48, 97.05, 104.78, 111.55, 93.0, 115.63, 95.95, 106.16, 119.35, 112.87, 96.97, 115.62, 90.19, 100.02, 101.65, 97.74, 110.65, 108.66, 95.54, 96.59, 113.42, 99.25, 102.99, 95.63, 100.15, 112.13, 90.23, 93.56, 110.67, 95.41, 109.25, 89.56, 106.44, 104.39, 111.65, 104.39, 112.21, 89.74, 102.62, 87.62, 112.41, 104.76, 106.03, 96.42, 92.71, 117.87, 104.23, 118.0, 101.02, 107.41, 102.67, 102.19, 103.35, 112.34, 121.32, 104.78, 82.84, 94.69, 89.64, 114.56, 121.19, 109.0, 104.73, 103.56, 101.3, 98.63, 114.32, 105.66, 111.04, 104.68, 97.28, 112.58, 99.97, 111.39, 118.56, 93.58, 106.84, 108.81, 108.24, 98.19, 100.22, 91.19, 103.17, 94.75, 113.74, 102.09, 103.21, 101.06, 112.87, 119.11, 97.94, 98.57, 88.07, 109.78, 107.48, 95.4, 99.33, 117.07, 105.63, 106.61, 114.12, 111.2, 100.43, 95.36, 97.26, 108.34, 110.28, 103.47, 104.02, 107.76, 97.19, 93.96, 115.13, 91.99, 98.08, 104.01, 100.87, 108.91, 89.47, 93.11, 105.18, 110.06, 102.13, 106.04, 93.12, 95.88, 119.93, 104.46, 109.71, 109.2, 102.45, 105.12, 103.2, 91.65, 111.76, 99.19, 89.36, 102.47, 94.98, 102.3, 94.48, 94.44, 100.22, 97.14, 111.2, 114.95, 99.83, 107.89, 114.64, 91.48, 90.28, 98.37, 102.03, 101.55, 103.2, 95.57, 114.99, 95.66, 105.72, 109.17, 111.7, 117.44, 83.12, 89.6, 107.88, 113.9, 112.46, 101.49, 114.88, 105.67, 106.7, 107.81, 109.66, 97.46, 99.5, 98.29, 103.47, 107.56, 102.42, 108.9, 99.63, 110.03, 113.15, 103.96, 106.66, 111.65, 113.58, 125.32, 118.37, 100.65, 111.15, 96.35, 107.9, 95.79, 111.65, 101.13, 101.69, 106.36, 105.79, 104.84, 112.11, 109.08, 80.27, 112.59, 104.26, 107.01, 103.29, 95.9, 106.44, 89.61, 109.35, 100.72, 96.87, 101.22, 95.58, 110.63, 94.45, 106.72, 114.43, 91.88, 100.49, 92.29, 117.29, 104.86, 106.88, 104.7, 104.53, 110.48, 112.98, 107.3, 111.82, 93.6, 85.09, 85.37, 103.14, 110.67, 107.17, 107.12, 97.49, 106.51, 117.41, 89.46, 104.34, 96.25, 104.93, 116.45, 119.66, 88.04, 94.79, 109.23, 105.23, 105.4, 104.17, 92.58, 109.01, 110.39, 106.84, 96.9, 99.42, 94.86, 112.03, 99.34, 102.54, 92.07, 118.49, 100.1, 100.4, 93.31, 91.66, 92.36, 95.05, 98.28, 93.25, 100.11, 105.37, 110.11, 106.74, 105.1, 91.32, 96.53, 110.37, 91.95, 104.31, 119.41, 95.2, 92.78, 89.54, 92.7, 99.47, 111.64, 104.05, 106.42, 108.48, 103.3, 86.78, 112.74, 99.37, 97.15, 103.85, 114.15, 91.94, 111.24, 97.59, 95.07, 109.59, 117.41, 104.2, 106.72, 103.19, 99.09, 101.08, 100.47, 102.74, 101.37, 107.31, 118.43, 91.64, 95.18, 122.11, 104.21, 92.84, 104.16, 92.16, 123.25, 117.15, 95.9, 102.53, 78.83, 96.89, 109.63, 103.29, 124.55, 107.93, 108.7, 115.41, 104.58, 96.35, 105.13, 97.64, 100.74, 109.67, 112.21, 99.54, 99.23, 110.31, 115.53, 116.19, 107.9, 113.33, 118.73, 115.74, 102.7, 100.64, 112.32, 109.67, 95.33, 101.24, 90.69, 105.41, 108.32, 104.67, 117.23, 98.76, 93.64, 104.05, 96.91, 96.78, 104.58, 104.22, 105.73, 107.99, 99.23, 100.14, 109.02, 110.51, 89.31, 92.44, 116.21, 107.18, 97.4, 113.05, 92.57, 121.85, 103.39, 97.56, 107.78, 103.08, 96.82, 109.92, 103.4, 113.33, 105.81, 103.76, 104.86, 87.22, 113.72, 90.86, 87.17, 103.58, 111.11, 101.02, 106.38, 92.62, 93.35, 101.87, 106.68, 107.7, 123.47, 113.23, 111.33, 95.83, 104.83, 102.46, 111.08, 92.14, 102.05, 99.62, 103.61, 97.78, 108.95, 106.61, 115.98, 103.63, 101.35, 102.71, 104.33, 107.57, 107.67, 101.63, 85.65, 94.74, 107.95, 107.1, 98.02, 112.2, 101.76, 113.12, 99.06, 121.77, 104.94, 117.68, 116.98, 88.72, 110.92, 101.99, 107.17, 114.59, 108.42, 106.95, 110.12, 92.69, 112.0, 106.01, 102.11, 99.99, 104.08, 100.42, 106.94, 100.63, 109.4, 108.97, 96.65, 96.69, 98.97, 96.34, 112.39, 94.54, 99.7, 89.84, 95.07, 101.69, 95.57, 100.18, 99.64, 114.98, 99.92, 99.46, 105.88, 96.34, 99.91, 98.34, 113.19, 111.73, 108.91, 99.89, 98.07, 96.58, 98.35, 101.12, 94.51, 104.05, 91.27, 92.52, 92.51, 100.04, 83.07, 100.99, 104.98, 106.87, 108.13, 121.52, 99.53, 95.99, 102.2, 102.95, 91.94, 108.84, 105.94, 84.4, 119.35, 103.69, 118.58, 114.39, 100.51, 112.88, 104.73, 99.4, 91.02, 93.64, 93.47, 118.16, 84.36, 109.38, 102.08, 109.26, 100.54, 97.13, 108.36, 105.31, 100.79, 105.64, 100.24, 98.26, 115.93, 107.51, 100.94, 106.25, 113.35, 89.69, 99.12, 105.28, 111.86, 109.55, 104.43, 90.94, 98.22, 101.59, 97.09, 113.57, 117.22, 100.43, 104.1, 104.41, 96.06, 99.94, 103.13, 117.5, 102.87, 100.29, 111.17, 108.32, 110.86, 108.54, 105.77, 106.03, 93.49, 105.8, 111.53, 103.04, 104.15, 114.95, 100.06, 111.05, 103.25, 104.99, 96.82, 106.68, 114.83, 110.23, 101.23, 103.15, 86.68, 94.95, 105.32, 99.73, 98.78, 114.32, 120.54]

numCandiates : 20
numVoters : 1000
numElections : 1000
columnBlindness : [4, 6]
epochs : 133
trainableLayerCount : 1
crowdBuildMethod : {'name': 'standardDistribution', 'mean': 10500, 'standardDeviation': 1833}
dataSetName : mySynthetic
predictedFeature : y

========= SIMULATION RESULTS ========
Metrics                                          meanWinnerRank  rateTrueWinners  rateWinner<NULL  val_Mean²Err
Algorithms                                                                                                     
crowd-Mean                                                1.065            0.943            0.000  19522.767578
crowd-Median                                              1.065            0.943            0.000  19218.832031
MyVoteSys <α=0.50, β=____, γ=0.66, MaxVariance>           1.090            0.918            0.000           NaN
MyVoteSys <α=0.50, β=0.33, γ=0.80, First>                 1.090            0.918            0.000           NaN
MyVoteSys <α=0.50, β=0.33, γ=____, MinEntropy>            1.090            0.918            0.000           NaN
MyVoteSys <α=0.50, β=0.33, γ=____, First>                 1.090            0.918            0.000           NaN
MyVoteSys <α=0.50, β=____, γ=0.80, First>                 1.090            0.918            0.000           NaN
MyVoteSys <α=0.50, β=____, γ=____, First>                 1.090            0.918            0.000           NaN
MyVoteSys <α=0.50, β=____, γ=0.66, MinEntropy>            1.090            0.918            0.000           NaN
MyVoteSys <α=0.50, β=____, γ=0.80, MinEntropy>            1.090            0.918            0.000           NaN
MyVoteSys <α=0.50, β=0.33, γ=0.80, MinEntropy>            1.090            0.918            0.000           NaN
MyVoteSys <α=0.50, β=0.33, γ=0.66, MaxVariance>           1.090            0.918            0.000           NaN
MyVoteSys <α=0.50, β=____, γ=0.80, MaxVariance>           1.090            0.918            0.000           NaN
MyVoteSys <α=0.50, β=0.33, γ=0.66, MinEntropy>            1.090            0.918            0.000           NaN
MyVoteSys <α=0.50, β=0.33, γ=0.80, MaxVariance>           1.090            0.918            0.000           NaN
MyVoteSys <α=0.50, β=0.33, γ=0.66, First>                 1.090            0.918            0.000           NaN
MyVoteSys <α=0.50, β=0.33, γ=____, MaxVariance>           1.090            0.918            0.000           NaN
MyVoteSys <α=0.50, β=____, γ=____, MinEntropy>            1.090            0.918            0.000           NaN
MyVoteSys <α=0.50, β=____, γ=0.66, First>                 1.090            0.918            0.000           NaN
InstantRunoffVoting                                       1.095            0.925            0.000           NaN
PreferentialBlockVoting                                   1.096            0.925            0.000           NaN
SingleTransferableVote                                    1.097            0.924            0.000           NaN
MyVoteSys <α=0.50, β=0.33, γ=0.66, MinVariance>           1.124            0.888            0.000           NaN
MyVoteSys <α=0.66, β=0.33, γ=0.80, MaxVariance>           1.124            0.888            0.000           NaN
MyVoteSys <α=0.50, β=____, γ=0.66, MaxEntropy>            1.124            0.888            0.000           NaN
MyVoteSys <α=0.66, β=0.33, γ=0.80, MinEntropy>            1.124            0.888            0.000           NaN
MyVoteSys <α=0.50, β=0.33, γ=0.66, MaxEntropy>            1.124            0.888            0.000           NaN
MyVoteSys <α=0.66, β=0.33, γ=0.80, First>                 1.124            0.888            0.000           NaN
MyVoteSys <α=0.50, β=0.33, γ=0.66, Last>                  1.124            0.888            0.000           NaN
MyVoteSys <α=0.66, β=0.33, γ=____, MinEntropy>            1.124            0.888            0.000           NaN
MyVoteSys <α=0.50, β=____, γ=0.66, MinVariance>           1.124            0.888            0.000           NaN
MyVoteSys <α=0.66, β=____, γ=0.80, First>                 1.124            0.888            0.000           NaN
MyVoteSys <α=0.50, β=____, γ=0.66, Last>                  1.124            0.888            0.000           NaN
MyVoteSys <α=0.66, β=0.33, γ=____, First>                 1.124            0.888            0.000           NaN
MyVoteSys <α=0.66, β=____, γ=____, MinEntropy>            1.124            0.888            0.000           NaN
MyVoteSys <α=0.66, β=____, γ=0.80, MaxVariance>           1.124            0.888            0.000           NaN
MyVoteSys <α=0.66, β=____, γ=0.80, MinEntropy>            1.124            0.888            0.000           NaN
MyVoteSys <α=0.66, β=____, γ=____, First>                 1.124            0.888            0.000           NaN
MyVoteSys <α=0.66, β=0.33, γ=____, MaxVariance>           1.126            0.887            0.000           NaN
FirstPastThePost (but without tactical voting)            1.195            0.856            0.000           NaN
MyVoteSys <α=0.66, β=0.33, γ=0.80, MinVariance>           1.222            0.827            0.000           NaN
MyVoteSys <α=0.66, β=0.33, γ=0.80, Last>                  1.222            0.827            0.000           NaN
MyVoteSys <α=0.66, β=0.33, γ=0.80, MaxEntropy>            1.222            0.827            0.000           NaN
MyVoteSys <α=0.50, β=0.33, γ=0.80, MaxEntropy>            1.222            0.827            0.000           NaN
MyVoteSys <α=0.50, β=0.33, γ=0.80, MinVariance>           1.222            0.827            0.000           NaN
MyVoteSys <α=0.50, β=0.33, γ=0.80, Last>                  1.222            0.827            0.000           NaN
MyVoteSys <α=0.66, β=____, γ=0.80, Last>                  1.226            0.825            0.000           NaN
MyVoteSys <α=0.80, β=____, γ=____, First>                 1.226            0.825            0.000           NaN
MyVoteSys <α=0.80, β=____, γ=____, MinEntropy>            1.226            0.825            0.000           NaN
MyVoteSys <α=0.50, β=____, γ=0.80, MaxEntropy>            1.226            0.825            0.000           NaN
MyVoteSys <α=0.66, β=____, γ=0.80, MaxEntropy>            1.226            0.825            0.000           NaN
MyVoteSys <α=0.66, β=____, γ=0.80, MinVariance>           1.226            0.825            0.000           NaN
MyVoteSys <α=0.50, β=____, γ=0.80, Last>                  1.226            0.825            0.000           NaN
MyVoteSys <α=0.50, β=____, γ=0.80, MinVariance>           1.226            0.825            0.000           NaN
MyVoteSys <α=0.66, β=0.33, γ=____, MinVariance>           1.327            0.757            0.000           NaN
MyVoteSys <α=0.50, β=0.33, γ=____, MinVariance>           1.327            0.757            0.000           NaN
MyVoteSys <α=0.50, β=0.33, γ=____, Last>                  1.356            0.740            0.000           NaN
MyVoteSys <α=0.66, β=0.33, γ=____, Last>                  1.356            0.740            0.000           NaN
MyVoteSys <α=0.66, β=0.33, γ=____, MaxEntropy>            1.356            0.740            0.000           NaN
MyVoteSys <α=0.50, β=0.33, γ=____, MaxEntropy>            1.356            0.740            0.000           NaN
MyVoteSys <α=0.80, β=0.33, γ=____, First>                 1.372            0.811            0.000           NaN
MyVoteSys <α=0.80, β=0.33, γ=____, MinEntropy>            1.372            0.811            0.000           NaN
MyVoteSys <α=0.80, β=0.33, γ=____, MaxVariance>           1.379            0.810            0.000           NaN
MyVoteSys <α=0.66, β=____, γ=____, MinVariance>           1.404            0.730            0.000           NaN
MyVoteSys <α=0.50, β=____, γ=____, MinVariance>           1.404            0.730            0.000           NaN
MyVoteSys <α=0.80, β=____, γ=____, MinVariance>           1.404            0.730            0.000           NaN
MyVoteSys <α=0.80, β=0.33, γ=____, MinVariance>           1.477            0.741            0.000           NaN
MyVoteSys <α=0.80, β=0.33, γ=____, Last>                  1.506            0.724            0.000           NaN
MyVoteSys <α=0.80, β=0.33, γ=____, MaxEntropy>            1.506            0.724            0.000           NaN
MyVoteSys <α=0.50, β=____, γ=____, MaxVariance>           1.748            0.607            0.003           NaN
MyVoteSys <α=0.66, β=____, γ=____, MaxVariance>           1.756            0.604            0.003           NaN
MyVoteSys <α=0.80, β=____, γ=____, Last>                  1.760            0.603            0.003           NaN
MyVoteSys <α=0.50, β=____, γ=____, Last>                  1.760            0.603            0.003           NaN
MyVoteSys <α=0.50, β=____, γ=____, MaxEntropy>            1.760            0.603            0.003           NaN
MyVoteSys <α=0.66, β=____, γ=____, MaxEntropy>            1.760            0.603            0.003           NaN
MyVoteSys <α=0.80, β=____, γ=____, MaxEntropy>            1.760            0.603            0.003           NaN
MyVoteSys <α=0.80, β=____, γ=____, MaxVariance>           1.760            0.603            0.003           NaN
MyVoteSys <α=0.66, β=____, γ=____, Last>                  1.760            0.603            0.003           NaN
bestVoter (Dictatorship)                                  2.592            0.425            0.002   6214.651855

