
===== Last Election voting process ======

Stamp Counts Table:
Candidates  1911  1987  695  283  683  2105  472  296  2690  1389  493  2026  2868  2309  291  2905  433  1413  NullCandidate  1996
Stage                                                                                                                              
0             96    14   41   43   24    65   88  112    14     8   14    21     7    33   14    67   54    28              0     7
1             56    60   76  117   19    80   72   51     9    31   11    22     6    21   11    43   34    29              0     2
2             78    29  101  111   17    47   69   38    14    17   31    32    20    38   38    24   34     2              0    10
3             66    72   48  111   46    13   33   39    13    12   22    78    19    32   36    32   23    32              0    23
4             78    73   82   73   50    40   33   30    15    20   30    42    32    28   39    25   40     9              0    11
5             75   100   45   42   47    30   46   45    17    27   49    61    20    20   22    30   26    25             11    12
6             64    53   69   23   55    32   41   50    14    30   51    46    52    31   31    28   48    19              9     4
7             57    47   24   38   51    54   45   56    43    43   28    37    26    38   43    33   28    28             15    16
8             36    67   39   17   38    67   54   38    13    29   42    46    34    46   33    35   25    29             40    22
9             36    46   19   14   27    50   39   50    26    38   40    47    27    45   36    37   33    31             73    36
10            35    35   29   10   38    32   39   33    25    52   49    30    20    38   33    39   24    59            106    24
11            23    26   34   13   22    47   24   29    28    40   35    43    42    39   35    31   34    58            121    26
12            14    37   30   11   34    27   26   27    41    25   44    44    45    28   34    18   36    51            139    39
13            11    41   20   11   68    30   33   17    36    41   45    34    57    37   24    31   32    62             55    65
14             8    10   27   14   53    29   35   30    62    47   47    44    69    33   60    28   28    41             31    54
15             9    20   21   23   66    41   22   26    62    59   58    20    45    37   39    45   54    23             12    68
16             5    17   22   24   55    35   36   17    86    48   60    24    59    32   57    16   70    18              6    63
17             2     1    5   33   37     5    8   38   124    69   37    24    88    28   48    53   22    40              3    85
18             1     2   18   22    2    24    3    9    90    96   37    34    42    97   65    75   23    51              4    55
19             0     0    0    0    1     2    4   15    18    18   20    21    40    49   52    60   82   115            125   128

Processed Vote Counts Table:
Candidates  1911  1987  695  283  683  2105  472  296  2690  1389  493  2026  2868  2309  291  2905  433  1413  NullCandidate  1996
Stage                                                                                                                              
0             96    14   41   43   24    65   88  112    14     8   14    21     7    33   14    67   54    28              0     7
1            152    74  117  160   43   145  160  163    23    39   25    43    13    54   25   110   88    57              0     9
2            230   103  218  271   60   192  229  201    37    56   56    75    33    92   63   134  122    59              0    19
3            296   175  266  382  106   205  262  240    50    68   78   153    52   124   99   166  145    91              0    42
4            374   248  348  455  156   245  295  270    65    88  108   195    84   152  138   191  185   100              0    53
5            449   348  393  497  203   275  341  315    82   115  157   256   104   172  160   221  211   125             11    65
6            513   401  462  520  258   307  382  365    96   145  208   302   156   203  191   249  259   144             20    69
7            570   448  486  558  309   361  427  421   139   188  236   339   182   241  234   282  287   172             35    85
8            606   515  525  575  347   428  481  459   152   217  278   385   216   287  267   317  312   201             75   107
9            642   561  544  589  374   478  520  509   178   255  318   432   243   332  303   354  345   232            148   143
10           677   596  573  599  412   510  559  542   203   307  367   462   263   370  336   393  369   291            254   167
11           700   622  607  612  434   557  583  571   231   347  402   505   305   409  371   424  403   349            375   193
12           714   659  637  623  468   584  609  598   272   372  446   549   350   437  405   442  439   400            514   232
13           725   700  657  634  536   614  642  615   308   413  491   583   407   474  429   473  471   462            569   297
14           733   710  684  648  589   643  677  645   370   460  538   627   476   507  489   501  499   503            600   351
15           742   730  705  671  655   684  699  671   432   519  596   647   521   544  528   546  553   526            612   419
16           747   747  727  695  710   719  735  688   518   567  656   671   580   576  585   562  623   544            618   482
17           749   748  732  728  747   724  743  726   642   636  693   695   668   604  633   615  645   584            621   567
18           750   750  750  750  749   748  746  735   732   732  730   729   710   701  698   690  668   635            625   622
19           750   750  750  750  750   750  750  750   750   750  750   750   750   750  750   750  750   750            750   750

Score(%) of Candidates Table:
Candidates        1911        1987         695         283         683        2105         472         296        2690        1389         493        2026        2868        2309         291        2905         433        1413  NullCandidate        1996
Stage                                                                                                                                                                                                                                                        
0            12.800000    1.866667    5.466667    5.733333    3.200000    8.666667   11.733333   14.933333    1.866667    1.066667    1.866667    2.800000    0.933333    4.400000    1.866667    8.933333    7.200000    3.733333       0.000000    0.933333
1            20.266667    9.866667   15.600000   21.333333    5.733333   19.333333   21.333333   21.733333    3.066667    5.200000    3.333333    5.733333    1.733333    7.200000    3.333333   14.666667   11.733333    7.600000       0.000000    1.200000
2            30.666667   13.733333   29.066667   36.133333    8.000000   25.600000   30.533333   26.800000    4.933333    7.466667    7.466667   10.000000    4.400000   12.266667    8.400000   17.866667   16.266667    7.866667       0.000000    2.533333
3            39.466667   23.333333   35.466667   50.933333   14.133333   27.333333   34.933333   32.000000    6.666667    9.066667   10.400000   20.400000    6.933333   16.533333   13.200000   22.133333   19.333333   12.133333       0.000000    5.600000
4            49.866667   33.066667   46.400000   60.666667   20.800000   32.666667   39.333333   36.000000    8.666667   11.733333   14.400000   26.000000   11.200000   20.266667   18.400000   25.466667   24.666667   13.333333       0.000000    7.066667
5            59.866667   46.400000   52.400000   66.266667   27.066667   36.666667   45.466667   42.000000   10.933333   15.333333   20.933333   34.133333   13.866667   22.933333   21.333333   29.466667   28.133333   16.666667       1.466667    8.666667
6            68.400000   53.466667   61.600000   69.333333   34.400000   40.933333   50.933333   48.666667   12.800000   19.333333   27.733333   40.266667   20.800000   27.066667   25.466667   33.200000   34.533333   19.200000       2.666667    9.200000
7            76.000000   59.733333   64.800000   74.400000   41.200000   48.133333   56.933333   56.133333   18.533333   25.066667   31.466667   45.200000   24.266667   32.133333   31.200000   37.600000   38.266667   22.933333       4.666667   11.333333
8            80.800000   68.666667   70.000000   76.666667   46.266667   57.066667   64.133333   61.200000   20.266667   28.933333   37.066667   51.333333   28.800000   38.266667   35.600000   42.266667   41.600000   26.800000      10.000000   14.266667
9            85.600000   74.800000   72.533333   78.533333   49.866667   63.733333   69.333333   67.866667   23.733333   34.000000   42.400000   57.600000   32.400000   44.266667   40.400000   47.200000   46.000000   30.933333      19.733333   19.066667
10           90.266667   79.466667   76.400000   79.866667   54.933333   68.000000   74.533333   72.266667   27.066667   40.933333   48.933333   61.600000   35.066667   49.333333   44.800000   52.400000   49.200000   38.800000      33.866667   22.266667
11           93.333333   82.933333   80.933333   81.600000   57.866667   74.266667   77.733333   76.133333   30.800000   46.266667   53.600000   67.333333   40.666667   54.533333   49.466667   56.533333   53.733333   46.533333      50.000000   25.733333
12           95.200000   87.866667   84.933333   83.066667   62.400000   77.866667   81.200000   79.733333   36.266667   49.600000   59.466667   73.200000   46.666667   58.266667   54.000000   58.933333   58.533333   53.333333      68.533333   30.933333
13           96.666667   93.333333   87.600000   84.533333   71.466667   81.866667   85.600000   82.000000   41.066667   55.066667   65.466667   77.733333   54.266667   63.200000   57.200000   63.066667   62.800000   61.600000      75.866667   39.600000
14           97.733333   94.666667   91.200000   86.400000   78.533333   85.733333   90.266667   86.000000   49.333333   61.333333   71.733333   83.600000   63.466667   67.600000   65.200000   66.800000   66.533333   67.066667      80.000000   46.800000
15           98.933333   97.333333   94.000000   89.466667   87.333333   91.200000   93.200000   89.466667   57.600000   69.200000   79.466667   86.266667   69.466667   72.533333   70.400000   72.800000   73.733333   70.133333      81.600000   55.866667
16           99.600000   99.600000   96.933333   92.666667   94.666667   95.866667   98.000000   91.733333   69.066667   75.600000   87.466667   89.466667   77.333333   76.800000   78.000000   74.933333   83.066667   72.533333      82.400000   64.266667
17           99.866667   99.733333   97.600000   97.066667   99.600000   96.533333   99.066667   96.800000   85.600000   84.800000   92.400000   92.666667   89.066667   80.533333   84.400000   82.000000   86.000000   77.866667      82.800000   75.600000
18          100.000000  100.000000  100.000000  100.000000   99.866667   99.733333   99.466667   98.000000   97.600000   97.600000   97.333333   97.200000   94.666667   93.466667   93.066667   92.000000   89.066667   84.666667      83.333333   82.933333
19          100.000000  100.000000  100.000000  100.000000  100.000000  100.000000  100.000000  100.000000  100.000000  100.000000  100.000000  100.000000  100.000000  100.000000  100.000000  100.000000  100.000000  100.000000     100.000000  100.000000

                                                 winner  winStage                                                validStages
algorithm                                                                                                                   
InstantRunoffVoting                                1911       NaN                                                        NaN
SingleTransferableVote                             1911       NaN                                                        NaN
PreferentialBlockVoting                            1911       NaN                                                        NaN
FirstPastThePost (but without tactical voting)      296       NaN                                                        NaN
MyVoteSys <α=0.50, β=____, γ=____, First>           283       3.0  [3, 4, 5, 6, 7, 8, 9, 10, 11, 12, 13, 14, 15, 16, 17, 18]
MyVoteSys <α=0.50, β=____, γ=____, Last>           1911      18.0  [3, 4, 5, 6, 7, 8, 9, 10, 11, 12, 13, 14, 15, 16, 17, 18]
MyVoteSys <α=0.50, β=____, γ=____, MinEntropy>      283       3.0  [3, 4, 5, 6, 7, 8, 9, 10, 11, 12, 13, 14, 15, 16, 17, 18]
MyVoteSys <α=0.50, β=____, γ=____, MaxEntropy>     1911      18.0  [3, 4, 5, 6, 7, 8, 9, 10, 11, 12, 13, 14, 15, 16, 17, 18]
MyVoteSys <α=0.50, β=____, γ=____, MinVariance>    1911       8.0  [3, 4, 5, 6, 7, 8, 9, 10, 11, 12, 13, 14, 15, 16, 17, 18]
MyVoteSys <α=0.50, β=____, γ=____, MaxVariance>    1911      18.0  [3, 4, 5, 6, 7, 8, 9, 10, 11, 12, 13, 14, 15, 16, 17, 18]
MyVoteSys <α=0.50, β=____, γ=0.66, First>           283       3.0                                                  [3, 4, 5]
MyVoteSys <α=0.50, β=____, γ=0.66, Last>            283       5.0                                                  [3, 4, 5]
MyVoteSys <α=0.50, β=____, γ=0.66, MinEntropy>      283       3.0                                                  [3, 4, 5]
MyVoteSys <α=0.50, β=____, γ=0.66, MaxEntropy>      283       5.0                                                  [3, 4, 5]
MyVoteSys <α=0.50, β=____, γ=0.66, MinVariance>     283       5.0                                                  [3, 4, 5]
MyVoteSys <α=0.50, β=____, γ=0.66, MaxVariance>     283       3.0                                                  [3, 4, 5]
MyVoteSys <α=0.50, β=____, γ=0.80, First>           283       3.0                                         [3, 4, 5, 6, 7, 8]
MyVoteSys <α=0.50, β=____, γ=0.80, Last>           1911       8.0                                         [3, 4, 5, 6, 7, 8]
MyVoteSys <α=0.50, β=____, γ=0.80, MinEntropy>      283       3.0                                         [3, 4, 5, 6, 7, 8]
MyVoteSys <α=0.50, β=____, γ=0.80, MaxEntropy>     1911       8.0                                         [3, 4, 5, 6, 7, 8]
MyVoteSys <α=0.50, β=____, γ=0.80, MinVariance>    1911       8.0                                         [3, 4, 5, 6, 7, 8]
MyVoteSys <α=0.50, β=____, γ=0.80, MaxVariance>     283       3.0                                         [3, 4, 5, 6, 7, 8]
MyVoteSys <α=0.50, β=0.33, γ=____, First>           283       3.0                                      [3, 4, 5, 6, 7, 8, 9]
MyVoteSys <α=0.50, β=0.33, γ=____, Last>           1911       9.0                                      [3, 4, 5, 6, 7, 8, 9]
MyVoteSys <α=0.50, β=0.33, γ=____, MinEntropy>      283       3.0                                      [3, 4, 5, 6, 7, 8, 9]
MyVoteSys <α=0.50, β=0.33, γ=____, MaxEntropy>     1911       9.0                                      [3, 4, 5, 6, 7, 8, 9]
MyVoteSys <α=0.50, β=0.33, γ=____, MinVariance>    1911       8.0                                      [3, 4, 5, 6, 7, 8, 9]
MyVoteSys <α=0.50, β=0.33, γ=____, MaxVariance>     283       3.0                                      [3, 4, 5, 6, 7, 8, 9]
MyVoteSys <α=0.50, β=0.33, γ=0.66, First>           283       3.0                                                  [3, 4, 5]
MyVoteSys <α=0.50, β=0.33, γ=0.66, Last>            283       5.0                                                  [3, 4, 5]
MyVoteSys <α=0.50, β=0.33, γ=0.66, MinEntropy>      283       3.0                                                  [3, 4, 5]
MyVoteSys <α=0.50, β=0.33, γ=0.66, MaxEntropy>      283       5.0                                                  [3, 4, 5]
MyVoteSys <α=0.50, β=0.33, γ=0.66, MinVariance>     283       5.0                                                  [3, 4, 5]
MyVoteSys <α=0.50, β=0.33, γ=0.66, MaxVariance>     283       3.0                                                  [3, 4, 5]
MyVoteSys <α=0.50, β=0.33, γ=0.80, First>           283       3.0                                         [3, 4, 5, 6, 7, 8]
MyVoteSys <α=0.50, β=0.33, γ=0.80, Last>           1911       8.0                                         [3, 4, 5, 6, 7, 8]
MyVoteSys <α=0.50, β=0.33, γ=0.80, MinEntropy>      283       3.0                                         [3, 4, 5, 6, 7, 8]
MyVoteSys <α=0.50, β=0.33, γ=0.80, MaxEntropy>     1911       8.0                                         [3, 4, 5, 6, 7, 8]
MyVoteSys <α=0.50, β=0.33, γ=0.80, MinVariance>    1911       8.0                                         [3, 4, 5, 6, 7, 8]
MyVoteSys <α=0.50, β=0.33, γ=0.80, MaxVariance>     283       3.0                                         [3, 4, 5, 6, 7, 8]
MyVoteSys <α=0.66, β=____, γ=____, First>           283       5.0        [5, 6, 7, 8, 9, 10, 11, 12, 13, 14, 15, 16, 17, 18]
MyVoteSys <α=0.66, β=____, γ=____, Last>           1911      18.0        [5, 6, 7, 8, 9, 10, 11, 12, 13, 14, 15, 16, 17, 18]
MyVoteSys <α=0.66, β=____, γ=____, MinEntropy>      283       5.0        [5, 6, 7, 8, 9, 10, 11, 12, 13, 14, 15, 16, 17, 18]
MyVoteSys <α=0.66, β=____, γ=____, MaxEntropy>     1911      18.0        [5, 6, 7, 8, 9, 10, 11, 12, 13, 14, 15, 16, 17, 18]
MyVoteSys <α=0.66, β=____, γ=____, MinVariance>    1911       8.0        [5, 6, 7, 8, 9, 10, 11, 12, 13, 14, 15, 16, 17, 18]
MyVoteSys <α=0.66, β=____, γ=____, MaxVariance>    1911      18.0        [5, 6, 7, 8, 9, 10, 11, 12, 13, 14, 15, 16, 17, 18]
MyVoteSys <α=0.66, β=____, γ=0.80, First>           283       5.0                                               [5, 6, 7, 8]
MyVoteSys <α=0.66, β=____, γ=0.80, Last>           1911       8.0                                               [5, 6, 7, 8]
MyVoteSys <α=0.66, β=____, γ=0.80, MinEntropy>      283       5.0                                               [5, 6, 7, 8]
MyVoteSys <α=0.66, β=____, γ=0.80, MaxEntropy>     1911       8.0                                               [5, 6, 7, 8]
MyVoteSys <α=0.66, β=____, γ=0.80, MinVariance>    1911       8.0                                               [5, 6, 7, 8]
MyVoteSys <α=0.66, β=____, γ=0.80, MaxVariance>     283       5.0                                               [5, 6, 7, 8]
MyVoteSys <α=0.66, β=0.33, γ=____, First>           283       5.0                                            [5, 6, 7, 8, 9]
MyVoteSys <α=0.66, β=0.33, γ=____, Last>           1911       9.0                                            [5, 6, 7, 8, 9]
MyVoteSys <α=0.66, β=0.33, γ=____, MinEntropy>      283       5.0                                            [5, 6, 7, 8, 9]
MyVoteSys <α=0.66, β=0.33, γ=____, MaxEntropy>     1911       9.0                                            [5, 6, 7, 8, 9]
MyVoteSys <α=0.66, β=0.33, γ=____, MinVariance>    1911       8.0                                            [5, 6, 7, 8, 9]
MyVoteSys <α=0.66, β=0.33, γ=____, MaxVariance>     283       5.0                                            [5, 6, 7, 8, 9]
MyVoteSys <α=0.66, β=0.33, γ=0.80, First>           283       5.0                                               [5, 6, 7, 8]
MyVoteSys <α=0.66, β=0.33, γ=0.80, Last>           1911       8.0                                               [5, 6, 7, 8]
MyVoteSys <α=0.66, β=0.33, γ=0.80, MinEntropy>      283       5.0                                               [5, 6, 7, 8]
MyVoteSys <α=0.66, β=0.33, γ=0.80, MaxEntropy>     1911       8.0                                               [5, 6, 7, 8]
MyVoteSys <α=0.66, β=0.33, γ=0.80, MinVariance>    1911       8.0                                               [5, 6, 7, 8]
MyVoteSys <α=0.66, β=0.33, γ=0.80, MaxVariance>     283       5.0                                               [5, 6, 7, 8]
MyVoteSys <α=0.80, β=____, γ=____, First>          1911       8.0                 [8, 9, 10, 11, 12, 13, 14, 15, 16, 17, 18]
MyVoteSys <α=0.80, β=____, γ=____, Last>           1911      18.0                 [8, 9, 10, 11, 12, 13, 14, 15, 16, 17, 18]
MyVoteSys <α=0.80, β=____, γ=____, MinEntropy>     1911       8.0                 [8, 9, 10, 11, 12, 13, 14, 15, 16, 17, 18]
MyVoteSys <α=0.80, β=____, γ=____, MaxEntropy>     1911      18.0                 [8, 9, 10, 11, 12, 13, 14, 15, 16, 17, 18]
MyVoteSys <α=0.80, β=____, γ=____, MinVariance>    1911       8.0                 [8, 9, 10, 11, 12, 13, 14, 15, 16, 17, 18]
MyVoteSys <α=0.80, β=____, γ=____, MaxVariance>    1911      18.0                 [8, 9, 10, 11, 12, 13, 14, 15, 16, 17, 18]
MyVoteSys <α=0.80, β=0.33, γ=____, First>          1911       8.0                                                     [8, 9]
MyVoteSys <α=0.80, β=0.33, γ=____, Last>           1911       9.0                                                     [8, 9]
MyVoteSys <α=0.80, β=0.33, γ=____, MinEntropy>     1911       8.0                                                     [8, 9]
MyVoteSys <α=0.80, β=0.33, γ=____, MaxEntropy>     1911       9.0                                                     [8, 9]
MyVoteSys <α=0.80, β=0.33, γ=____, MinVariance>    1911       8.0                                                     [8, 9]
MyVoteSys <α=0.80, β=0.33, γ=____, MaxVariance>    1911       9.0                                                     [8, 9]
bestVoter (Dictatorship)                            291       NaN                                                        NaN
crowd-Mean                                         1911       NaN                                                        NaN
crowd-Median                                       1911       NaN                                                        NaN 

Last Election Candidates:
                        y
Candidates               
1996          -233.254498
1413          -163.135881
2690          -150.237391
2868          -121.446059
291           -114.022888
2905           -66.138306
1389           -31.370120
NullCandidate   -3.467414
493              1.335523
2309             9.644965
683             15.855408
433             40.300712
2026            48.240435
2105            61.474101
296            144.863184
472            154.122015
1987           159.000637
695            185.323501
283            240.636997
1911           249.796950

Voters Validation Mean Squared Error:
[16339.46, 15619.49, 16858.5, 16916.03, 16709.13, 15357.38, 15563.17, 16540.25, 15078.92, 15892.75, 16298.15, 17599.76, 15434.93, 15162.37, 15408.02, 15636.3, 16279.4, 15484.14, 16593.68, 15904.13, 16083.98, 15899.15, 16305.35, 15877.51, 16243.97, 16509.02, 16517.26, 16941.43, 15680.89, 17265.05, 15492.05, 16561.5, 15924.76, 16291.9, 15908.77, 16054.61, 16208.72, 17005.27, 16370.37, 15450.08, 16302.29, 16796.85, 16123.89, 15537.75, 15925.52, 16585.05, 15193.93, 16537.47, 16302.44, 16908.6, 16398.16, 16856.13, 16611.73, 15462.22, 16524.72, 17509.24, 16543.38, 15785.09, 15722.7, 16420.97, 15097.55, 15341.05, 15640.54, 15845.44, 14196.46, 16676.89, 17540.84, 15137.69, 16947.31, 15421.43, 16353.69, 16090.55, 16592.17, 15994.12, 16028.89, 16051.25, 16145.09, 15658.02, 15950.32, 16134.58, 15724.73, 15908.78, 15536.25, 15429.18, 15458.8, 16054.17, 17013.3, 15926.95, 16027.84, 15939.68, 16313.34, 16364.28, 15216.14, 16578.27, 16794.81, 15648.62, 17256.11, 15349.29, 16166.57, 15958.27, 17087.73, 15056.76, 15778.96, 16243.34, 16815.6, 15453.29, 16113.04, 17071.36, 15693.23, 16970.88, 16588.76, 16333.74, 16138.44, 15334.04, 15873.25, 16117.76, 15792.91, 16140.15, 15926.3, 15818.22, 14791.6, 15424.65, 15700.53, 15445.64, 14671.57, 16196.26, 15629.6, 15113.87, 15957.69, 16471.59, 16024.63, 16087.51, 15879.49, 16388.69, 16014.19, 16590.33, 16729.69, 16042.27, 14735.38, 16127.4, 15310.56, 15928.91, 16747.2, 15410.06, 16198.28, 15311.93, 14818.91, 15739.07, 15959.47, 16139.23, 16290.07, 14658.76, 15995.59, 14287.61, 16033.81, 14900.97, 16625.96, 16673.31, 15190.79, 15190.37, 16078.12, 15680.46, 14987.26, 15897.77, 16416.24, 16715.55, 17443.95, 15331.57, 15078.19, 16541.16, 15826.27, 16754.34, 15801.0, 16721.43, 16719.45, 15051.14, 15145.35, 16847.52, 17024.81, 16501.77, 16742.31, 17029.22, 15487.14, 15437.11, 16658.42, 16522.74, 16989.28, 17375.31, 16794.94, 16162.48, 15723.14, 17610.01, 16267.35, 16407.03, 16171.5, 15492.6, 16180.92, 15624.93, 17161.64, 15844.69, 14524.67, 16169.27, 15481.26, 14767.64, 15306.45, 15268.63, 16550.92, 16518.17, 17167.68, 15459.33, 16148.08, 15158.52, 15773.28, 16334.45, 15739.69, 15894.36, 16248.38, 15354.52, 16365.7, 16746.38, 15813.22, 15416.23, 15710.85, 16038.85, 15918.48, 15652.85, 15532.52, 15974.59, 15848.92, 15055.82, 15303.76, 15958.24, 16030.75, 15762.87, 16296.71, 16376.03, 15891.99, 14699.25, 14860.63, 15988.42, 15675.44, 17095.21, 16652.34, 15770.32, 15411.55, 15692.67, 16094.91, 16165.92, 16489.71, 15274.27, 14433.96, 16243.86, 15908.2, 17223.04, 17105.23, 16581.26, 16416.56, 15780.62, 16253.49, 16614.18, 16166.74, 16066.51, 15033.36, 15837.19, 17199.88, 17211.55, 16336.36, 16325.86, 16308.82, 15870.03, 14984.89, 15418.87, 15751.43, 15504.31, 16633.06, 17068.17, 16352.09, 16830.49, 15865.38, 16967.96, 16293.24, 16719.23, 16309.59, 15851.5, 16308.9, 15307.69, 15879.4, 15843.64, 15799.39, 15117.52, 16265.62, 15318.3, 16133.48, 15722.15, 16297.17, 15758.3, 14769.88, 16713.42, 17467.41, 16478.8, 15760.07, 15645.1, 17009.66, 15131.04, 16166.71, 16520.83, 15864.8, 16668.63, 14817.44, 15900.21, 16991.93, 17097.06, 15612.34, 16111.83, 16005.35, 16169.96, 14472.76, 14814.78, 17092.78, 15970.42, 15844.22, 15828.83, 16353.44, 15157.5, 15728.99, 14996.53, 16257.97, 16036.03, 16143.19, 15137.05, 16121.83, 16065.1, 16785.35, 15720.78, 15931.21, 16618.1, 14376.64, 15776.64, 15813.7, 15799.06, 16018.04, 15354.79, 15957.16, 16387.66, 16419.93, 16314.69, 16810.44, 15970.9, 15147.0, 16529.33, 16044.14, 15277.26, 15514.38, 16236.9, 15948.14, 16874.14, 16180.24, 15866.97, 15781.99, 16408.26, 17336.87, 15576.67, 15061.74, 14632.49, 15297.61, 16639.34, 15622.47, 16125.22, 15315.7, 17174.19, 16180.17, 16689.67, 16023.97, 15856.9, 16007.42, 15974.9, 15344.93, 15376.62, 17709.55, 15759.72, 15032.99, 16620.8, 15259.21, 16222.52, 16352.2, 16314.99, 15728.26, 15665.46, 16028.85, 16053.79, 15850.79, 15942.27, 15848.05, 15324.93, 16116.64, 15424.79, 17310.29, 14867.09, 15295.81, 15800.88, 15934.23, 15627.46, 16434.96, 15462.04, 15772.96, 15596.8, 16163.88, 16339.27, 16808.26, 16622.65, 16003.05, 15825.86, 16645.33, 16615.66, 16624.4, 15120.19, 14937.73, 16063.62, 15951.8, 17552.89, 16875.37, 16367.76, 16271.28, 15255.95, 16176.01, 16820.14, 15779.01, 15907.6, 16761.83, 16472.3, 15691.85, 16750.32, 15448.77, 16117.43, 15463.02, 16126.69, 14705.56, 16503.82, 16119.07, 15360.0, 15691.98, 15724.94, 14355.86, 16386.68, 15308.33, 15625.36, 15327.14, 16497.58, 16739.06, 16036.75, 17069.51, 16301.19, 16209.65, 15445.27, 16351.5, 15351.14, 14195.1, 15942.83, 16049.95, 15755.43, 16418.21, 15318.19, 16156.43, 14620.91, 16346.67, 15942.39, 16850.25, 16376.47, 16934.05, 14396.68, 15800.36, 16340.38, 15861.42, 15179.38, 16346.41, 17034.49, 15857.26, 15690.85, 14930.37, 15192.2, 16105.95, 16100.11, 15875.92, 16308.0, 16491.34, 16726.08, 16213.78, 15533.74, 17305.92, 15961.05, 16450.65, 16496.36, 16500.35, 16166.07, 15759.33, 15708.29, 14997.46, 15660.93, 16460.81, 15273.21, 16841.43, 16738.68, 15772.46, 15869.03, 15599.25, 15307.22, 16373.75, 15473.73, 16369.49, 15865.52, 16338.8, 16483.79, 16301.48, 16184.12, 15939.13, 15792.55, 16335.07, 15982.17, 16034.99, 15911.46, 15152.3, 16282.06, 16529.17, 16539.04, 15629.87, 15534.94, 16412.21, 15930.6, 14979.69, 16581.5, 15650.18, 16291.97, 15827.52, 16096.36, 15687.21, 16481.7, 15701.31, 15797.75, 16719.46, 16006.56, 15858.79, 16586.48, 16019.56, 15180.55, 15957.57, 16620.65, 17286.44, 16031.8, 16642.22, 15300.0, 17395.21, 16088.37, 15467.65, 17483.32, 15014.37, 15956.07, 15038.56, 16837.24, 16416.27, 16637.07, 15969.86, 15813.62, 15819.46, 15854.23, 15573.13, 16685.44, 16479.56, 15066.6, 17102.38, 16059.25, 16218.01, 16409.44, 16171.74, 16298.05, 15557.98, 16308.3, 17113.96, 17022.94, 14918.5, 15752.01, 17068.19, 16115.36, 16540.17, 16292.92, 16445.03, 16024.23, 16267.06, 15518.35, 15726.37, 15782.66, 15528.08, 15545.93, 15543.0, 16030.65, 15234.85, 15413.18, 16654.49, 15604.13, 15419.8, 15318.74, 16684.04, 16033.73, 15938.05, 17044.07, 15861.04, 15277.73, 16741.9, 16210.0, 15601.76, 16067.09, 16077.82, 15730.49, 16884.95, 15753.67, 16567.8, 15517.67, 16373.09, 15174.76, 14669.94, 16189.43, 15943.34, 15905.31, 15633.94, 15687.98, 16001.96, 15775.54, 15542.79, 15327.88, 14584.71, 16294.36, 15981.21, 15147.84, 16989.21, 16655.51, 16923.85, 16549.33, 16225.86, 15399.92, 16789.35, 16382.66, 15585.99, 16482.29, 15008.69, 16011.23, 16364.67, 15757.71, 16742.88, 15063.99, 16553.17, 15987.96, 15328.32, 15671.42, 15893.68, 15455.65, 14981.13, 16763.49, 16940.62, 15460.66, 16507.78, 15695.16, 16004.44, 16232.51, 16329.75, 16561.15, 15330.99, 15358.25, 15997.42, 16998.39, 16054.25, 15255.3, 16600.23, 16105.42, 15990.81, 14768.18, 15852.46, 15745.99, 16426.76, 15676.15, 16542.55, 16784.78, 15767.23, 17230.59, 15768.06, 16888.71, 15441.6, 14885.95, 17077.86, 16293.8, 16696.17, 15315.97, 16963.94, 15211.12, 16327.89, 14130.81, 14735.28, 15981.76, 17207.57, 15571.1, 15765.53, 15551.92, 15864.2, 16136.34, 15575.69, 15181.38, 16586.09, 15701.23, 16009.88, 16705.17, 15792.77, 16763.44, 16389.4, 17468.63, 16003.31, 14955.65, 16060.63, 15478.66, 17272.06, 16298.84, 16646.05, 15913.46, 15692.06, 14808.6, 16360.64, 16648.06, 16046.6, 16581.19, 15148.56, 14615.68, 16653.55, 16291.56, 16269.3, 16457.55, 14893.79, 16084.94, 15905.13, 16188.72, 15973.26, 14997.84, 16419.76, 16825.54, 17153.14, 14789.67, 15370.42, 15646.22, 15608.41, 15734.78, 15923.05, 15168.05, 16186.85, 15481.38]

Voters Validation Mean Error:
[127.83, 124.98, 129.84, 130.06, 129.26, 123.92, 124.75, 128.61, 122.8, 126.07, 127.66, 132.66, 124.24, 123.14, 124.13, 125.05, 127.59, 124.44, 128.82, 126.11, 126.82, 126.09, 127.69, 126.01, 127.45, 128.49, 128.52, 130.16, 125.22, 131.4, 124.47, 128.69, 126.19, 127.64, 126.13, 126.71, 127.31, 130.4, 127.95, 124.3, 127.68, 129.6, 126.98, 124.65, 126.2, 128.78, 123.26, 128.6, 127.68, 130.03, 128.06, 129.83, 128.89, 124.35, 128.55, 132.32, 128.62, 125.64, 125.39, 128.14, 122.87, 123.86, 125.06, 125.88, 119.15, 129.14, 132.44, 123.04, 130.18, 124.18, 127.88, 126.85, 128.81, 126.47, 126.61, 126.69, 127.06, 125.13, 126.29, 127.02, 125.4, 126.13, 124.64, 124.21, 124.33, 126.71, 130.44, 126.2, 126.6, 126.25, 127.72, 127.92, 123.35, 128.76, 129.59, 125.09, 131.36, 123.89, 127.15, 126.33, 130.72, 122.71, 125.61, 127.45, 129.67, 124.31, 126.94, 130.66, 125.27, 130.27, 128.8, 127.8, 127.04, 123.83, 125.99, 126.96, 125.67, 127.04, 126.2, 125.77, 121.62, 124.2, 125.3, 124.28, 121.13, 127.26, 125.02, 122.94, 126.32, 128.34, 126.59, 126.84, 126.01, 128.02, 126.55, 128.8, 129.34, 126.66, 121.39, 126.99, 123.74, 126.21, 129.41, 124.14, 127.27, 123.74, 121.73, 125.46, 126.33, 127.04, 127.63, 121.07, 126.47, 119.53, 126.62, 122.07, 128.94, 129.13, 123.25, 123.25, 126.8, 125.22, 122.42, 126.09, 128.13, 129.29, 132.08, 123.82, 122.79, 128.61, 125.8, 129.44, 125.7, 129.31, 129.3, 122.68, 123.07, 129.8, 130.48, 128.46, 129.39, 130.5, 124.45, 124.25, 129.07, 128.54, 130.34, 131.82, 129.6, 127.13, 125.39, 132.7, 127.54, 128.09, 127.17, 124.47, 127.2, 125.0, 131.0, 125.88, 120.52, 127.16, 124.42, 121.52, 123.72, 123.57, 128.65, 128.52, 131.03, 124.34, 127.08, 123.12, 125.59, 127.81, 125.46, 126.07, 127.47, 123.91, 127.93, 129.41, 125.75, 124.16, 125.34, 126.64, 126.17, 125.11, 124.63, 126.39, 125.89, 122.7, 123.71, 126.33, 126.61, 125.55, 127.66, 127.97, 126.06, 121.24, 121.9, 126.45, 125.2, 130.75, 129.04, 125.58, 124.14, 125.27, 126.87, 127.15, 128.41, 123.59, 120.14, 127.45, 126.13, 131.24, 130.79, 128.77, 128.13, 125.62, 127.49, 128.9, 127.15, 126.75, 122.61, 125.85, 131.15, 131.19, 127.81, 127.77, 127.71, 125.98, 122.41, 124.17, 125.5, 124.52, 128.97, 130.65, 127.88, 129.73, 125.96, 130.26, 127.64, 129.3, 127.71, 125.9, 127.71, 123.72, 126.01, 125.87, 125.7, 122.95, 127.54, 123.77, 127.02, 125.39, 127.66, 125.53, 121.53, 129.28, 132.16, 128.37, 125.54, 125.08, 130.42, 123.01, 127.15, 128.53, 125.96, 129.11, 121.73, 126.1, 130.35, 130.76, 124.95, 126.93, 126.51, 127.16, 120.3, 121.72, 130.74, 126.37, 125.87, 125.81, 127.88, 123.12, 125.42, 122.46, 127.51, 126.63, 127.06, 123.03, 126.97, 126.75, 129.56, 125.38, 126.22, 128.91, 119.9, 125.61, 125.75, 125.69, 126.56, 123.91, 126.32, 128.01, 128.14, 127.73, 129.66, 126.38, 123.07, 128.57, 126.67, 123.6, 124.56, 127.42, 126.29, 129.9, 127.2, 125.96, 125.63, 128.09, 131.67, 124.81, 122.73, 120.96, 123.68, 128.99, 124.99, 126.99, 123.76, 131.05, 127.2, 129.19, 126.59, 125.92, 126.52, 126.39, 123.87, 124.0, 133.08, 125.54, 122.61, 128.92, 123.53, 127.37, 127.88, 127.73, 125.41, 125.16, 126.61, 126.7, 125.9, 126.26, 125.89, 123.79, 126.95, 124.2, 131.57, 121.93, 123.68, 125.7, 126.23, 125.01, 128.2, 124.35, 125.59, 124.89, 127.14, 127.83, 129.65, 128.93, 126.5, 125.8, 129.02, 128.9, 128.94, 122.96, 122.22, 126.74, 126.3, 132.49, 129.91, 127.94, 127.56, 123.51, 127.18, 129.69, 125.61, 126.13, 129.47, 128.34, 125.27, 129.42, 124.29, 126.95, 124.35, 126.99, 121.27, 128.47, 126.96, 123.94, 125.27, 125.4, 119.82, 128.01, 123.73, 125.0, 123.8, 128.44, 129.38, 126.64, 130.65, 127.68, 127.32, 124.28, 127.87, 123.9, 119.14, 126.26, 126.69, 125.52, 128.13, 123.77, 127.11, 120.92, 127.85, 126.26, 129.81, 127.97, 130.13, 119.99, 125.7, 127.83, 125.94, 123.2, 127.85, 130.52, 125.93, 125.26, 122.19, 123.26, 126.91, 126.89, 126.0, 127.7, 128.42, 129.33, 127.33, 124.63, 131.55, 126.34, 128.26, 128.44, 128.45, 127.15, 125.54, 125.33, 122.46, 125.14, 128.3, 123.58, 129.77, 129.38, 125.59, 125.97, 124.9, 123.72, 127.96, 124.39, 127.94, 125.96, 127.82, 128.39, 127.68, 127.22, 126.25, 125.67, 127.81, 126.42, 126.63, 126.14, 123.09, 127.6, 128.57, 128.6, 125.02, 124.64, 128.11, 126.22, 122.39, 128.77, 125.1, 127.64, 125.81, 126.87, 125.25, 128.38, 125.3, 125.69, 129.3, 126.52, 125.93, 128.79, 126.57, 123.21, 126.32, 128.92, 131.48, 126.62, 129.0, 123.69, 131.89, 126.84, 124.37, 132.22, 122.53, 126.32, 122.63, 129.76, 128.13, 128.98, 126.37, 125.75, 125.78, 125.91, 124.79, 129.17, 128.37, 122.75, 130.78, 126.73, 127.35, 128.1, 127.17, 127.66, 124.73, 127.7, 130.82, 130.47, 122.14, 125.51, 130.65, 126.95, 128.61, 127.64, 128.24, 126.59, 127.54, 124.57, 125.4, 125.63, 124.61, 124.68, 124.67, 126.61, 123.43, 124.15, 129.05, 124.92, 124.18, 123.77, 129.17, 126.62, 126.25, 130.55, 125.94, 123.6, 129.39, 127.32, 124.91, 126.76, 126.8, 125.42, 129.94, 125.51, 128.72, 124.57, 127.96, 123.19, 121.12, 127.24, 126.27, 126.12, 125.04, 125.25, 126.5, 125.6, 124.67, 123.81, 120.77, 127.65, 126.42, 123.08, 130.34, 129.06, 130.09, 128.64, 127.38, 124.1, 129.57, 127.99, 124.84, 128.38, 122.51, 126.54, 127.92, 125.53, 129.39, 122.74, 128.66, 126.44, 123.81, 125.19, 126.07, 124.32, 122.4, 129.47, 130.16, 124.34, 128.48, 125.28, 126.51, 127.41, 127.79, 128.69, 123.82, 123.93, 126.48, 130.38, 126.71, 123.51, 128.84, 126.91, 126.45, 121.52, 125.91, 125.48, 128.17, 125.2, 128.62, 129.56, 125.57, 131.27, 125.57, 129.96, 124.26, 122.01, 130.68, 127.65, 129.21, 123.76, 130.25, 123.33, 127.78, 118.87, 121.39, 126.42, 131.18, 124.78, 125.56, 124.71, 125.95, 127.03, 124.8, 123.21, 128.79, 125.3, 126.53, 129.25, 125.67, 129.47, 128.02, 132.17, 126.5, 122.29, 126.73, 124.41, 131.42, 127.67, 129.02, 126.15, 125.27, 121.69, 127.91, 129.03, 126.68, 128.77, 123.08, 120.9, 129.05, 127.64, 127.55, 128.29, 122.04, 126.83, 126.12, 127.23, 126.39, 122.47, 128.14, 129.71, 130.97, 121.61, 123.98, 125.08, 124.93, 125.44, 126.19, 123.16, 127.23, 124.42]

numCandiates : 20
numVoters : 750
numElections : 750
columnBlindness : 8
epochs : 166
trainableLayerCount : 1
crowdBuildMethod : {'name': 'standardDistribution', 'mean': 16000, 'standardDeviation': 666}
dataSetName : mySynthetic
predictedFeature : y

========= SIMULATION RESULTS ========
Metrics                                          meanWinnerRank  rateTrueWinners  rateWinner<NULL  val_Mean²Err
Algorithms                                                                                                     
crowd-Median                                           1.144000         0.877333         0.000000  17898.462891
crowd-Mean                                             1.144000         0.877333         0.000000  17960.232422
MyVoteSys <α=0.50, β=0.33, γ=0.66, MaxEntropy>         1.360000         0.744000         0.000000           NaN
MyVoteSys <α=0.50, β=0.33, γ=0.66, Last>               1.360000         0.744000         0.000000           NaN
MyVoteSys <α=0.50, β=0.33, γ=0.66, MinVariance>        1.369333         0.737333         0.000000           NaN
MyVoteSys <α=0.66, β=____, γ=____, MinEntropy>         1.370667         0.741333         0.000000           NaN
MyVoteSys <α=0.50, β=____, γ=0.66, MaxEntropy>         1.370667         0.741333         0.000000           NaN
MyVoteSys <α=0.66, β=____, γ=0.80, MinEntropy>         1.370667         0.741333         0.000000           NaN
MyVoteSys <α=0.66, β=____, γ=0.80, First>              1.370667         0.741333         0.000000           NaN
MyVoteSys <α=0.50, β=____, γ=0.66, Last>               1.370667         0.741333         0.000000           NaN
MyVoteSys <α=0.66, β=____, γ=____, First>              1.370667         0.741333         0.000000           NaN
MyVoteSys <α=0.50, β=____, γ=0.66, MinVariance>        1.372000         0.737333         0.000000           NaN
MyVoteSys <α=0.50, β=0.33, γ=0.80, MinEntropy>         1.412000         0.712000         0.000000           NaN
MyVoteSys <α=0.50, β=____, γ=0.80, First>              1.412000         0.712000         0.000000           NaN
MyVoteSys <α=0.50, β=____, γ=0.80, MinEntropy>         1.412000         0.712000         0.000000           NaN
MyVoteSys <α=0.50, β=____, γ=____, First>              1.412000         0.712000         0.000000           NaN
MyVoteSys <α=0.50, β=0.33, γ=0.80, First>              1.412000         0.712000         0.000000           NaN
MyVoteSys <α=0.50, β=0.33, γ=0.66, First>              1.412000         0.712000         0.000000           NaN
MyVoteSys <α=0.50, β=____, γ=0.66, First>              1.412000         0.712000         0.000000           NaN
MyVoteSys <α=0.50, β=0.33, γ=____, MinEntropy>         1.412000         0.712000         0.000000           NaN
MyVoteSys <α=0.50, β=____, γ=0.66, MinEntropy>         1.412000         0.712000         0.000000           NaN
MyVoteSys <α=0.50, β=0.33, γ=0.66, MinEntropy>         1.412000         0.712000         0.000000           NaN
MyVoteSys <α=0.50, β=0.33, γ=____, First>              1.412000         0.712000         0.000000           NaN
MyVoteSys <α=0.50, β=____, γ=____, MinEntropy>         1.412000         0.712000         0.000000           NaN
MyVoteSys <α=0.50, β=0.33, γ=0.80, MaxVariance>        1.413333         0.710667         0.000000           NaN
MyVoteSys <α=0.50, β=____, γ=0.66, MaxVariance>        1.413333         0.710667         0.000000           NaN
MyVoteSys <α=0.50, β=0.33, γ=____, MaxVariance>        1.413333         0.710667         0.000000           NaN
MyVoteSys <α=0.50, β=0.33, γ=0.66, MaxVariance>        1.413333         0.710667         0.000000           NaN
MyVoteSys <α=0.50, β=0.33, γ=0.80, Last>               1.424000         0.724000         0.000000           NaN
MyVoteSys <α=0.50, β=0.33, γ=0.80, MaxEntropy>         1.424000         0.724000         0.000000           NaN
MyVoteSys <α=0.50, β=____, γ=0.80, MaxVariance>        1.424000         0.709333         0.000000           NaN
MyVoteSys <α=0.50, β=0.33, γ=0.80, MinVariance>        1.428000         0.713333         0.000000           NaN
MyVoteSys <α=0.66, β=____, γ=0.80, MinVariance>        1.436000         0.714667         0.000000           NaN
MyVoteSys <α=0.50, β=____, γ=0.80, MinVariance>        1.437333         0.710667         0.000000           NaN
MyVoteSys <α=0.50, β=0.33, γ=____, MinVariance>        1.437333         0.705333         0.000000           NaN
MyVoteSys <α=0.50, β=0.33, γ=____, Last>               1.441333         0.714667         0.000000           NaN
MyVoteSys <α=0.50, β=0.33, γ=____, MaxEntropy>         1.441333         0.714667         0.000000           NaN
MyVoteSys <α=0.66, β=0.33, γ=____, MinEntropy>         1.444000         0.737333         0.000000           NaN
MyVoteSys <α=0.66, β=0.33, γ=0.80, First>              1.444000         0.737333         0.000000           NaN
MyVoteSys <α=0.66, β=0.33, γ=0.80, MinEntropy>         1.444000         0.737333         0.000000           NaN
MyVoteSys <α=0.66, β=0.33, γ=____, First>              1.444000         0.737333         0.000000           NaN
MyVoteSys <α=0.66, β=____, γ=____, MinVariance>        1.445333         0.706667         0.000000           NaN
MyVoteSys <α=0.50, β=____, γ=____, MinVariance>        1.446667         0.702667         0.000000           NaN
MyVoteSys <α=0.66, β=____, γ=0.80, MaxVariance>        1.449333         0.725333         0.001333           NaN
MyVoteSys <α=0.66, β=0.33, γ=0.80, MaxVariance>        1.450667         0.738667         0.000000           NaN
MyVoteSys <α=0.66, β=0.33, γ=____, MaxVariance>        1.452000         0.738667         0.000000           NaN
MyVoteSys <α=0.50, β=____, γ=0.80, Last>               1.501333         0.702667         0.001333           NaN
MyVoteSys <α=0.66, β=____, γ=0.80, Last>               1.501333         0.702667         0.001333           NaN
MyVoteSys <α=0.50, β=____, γ=0.80, MaxEntropy>         1.501333         0.702667         0.001333           NaN
MyVoteSys <α=0.66, β=____, γ=0.80, MaxEntropy>         1.501333         0.702667         0.001333           NaN
MyVoteSys <α=0.80, β=____, γ=____, MinEntropy>         1.501333         0.702667         0.001333           NaN
MyVoteSys <α=0.80, β=____, γ=____, First>              1.501333         0.702667         0.001333           NaN
MyVoteSys <α=0.66, β=0.33, γ=0.80, MinVariance>        1.502667         0.713333         0.000000           NaN
MyVoteSys <α=0.66, β=0.33, γ=0.80, Last>               1.508000         0.717333         0.000000           NaN
MyVoteSys <α=0.66, β=0.33, γ=0.80, MaxEntropy>         1.508000         0.717333         0.000000           NaN
MyVoteSys <α=0.66, β=0.33, γ=____, MinVariance>        1.512000         0.705333         0.000000           NaN
MyVoteSys <α=0.80, β=____, γ=____, MinVariance>        1.512000         0.694667         0.001333           NaN
MyVoteSys <α=0.66, β=0.33, γ=____, MaxEntropy>         1.525333         0.708000         0.000000           NaN
MyVoteSys <α=0.66, β=0.33, γ=____, Last>               1.525333         0.708000         0.000000           NaN
PreferentialBlockVoting                                1.574667         0.665333         0.000000           NaN
SingleTransferableVote                                 1.580000         0.664000         0.000000           NaN
InstantRunoffVoting                                    1.581333         0.664000         0.000000           NaN
FirstPastThePost (but without tactical voting)         2.605333         0.470667         0.024000           NaN
MyVoteSys <α=0.50, β=____, γ=____, MaxVariance>        3.180000         0.402667         0.048000           NaN
MyVoteSys <α=0.66, β=____, γ=____, MaxVariance>        3.180000         0.402667         0.048000           NaN
MyVoteSys <α=0.80, β=____, γ=____, MaxVariance>        3.180000         0.402667         0.048000           NaN
MyVoteSys <α=0.80, β=____, γ=____, MaxEntropy>         3.180000         0.402667         0.048000           NaN
MyVoteSys <α=0.50, β=____, γ=____, MaxEntropy>         3.180000         0.402667         0.048000           NaN
MyVoteSys <α=0.50, β=____, γ=____, Last>               3.180000         0.402667         0.048000           NaN
MyVoteSys <α=0.80, β=____, γ=____, Last>               3.180000         0.402667         0.048000           NaN
MyVoteSys <α=0.66, β=____, γ=____, MaxEntropy>         3.180000         0.402667         0.048000           NaN
MyVoteSys <α=0.66, β=____, γ=____, Last>               3.180000         0.402667         0.048000           NaN
MyVoteSys <α=0.80, β=0.33, γ=____, MinEntropy>         4.164000         0.530667         0.000000           NaN
MyVoteSys <α=0.80, β=0.33, γ=____, First>              4.164000         0.530667         0.000000           NaN
MyVoteSys <α=0.80, β=0.33, γ=____, MinVariance>        4.173333         0.522667         0.000000           NaN
MyVoteSys <α=0.80, β=0.33, γ=____, MaxVariance>        4.180000         0.522667         0.000000           NaN
MyVoteSys <α=0.80, β=0.33, γ=____, MaxEntropy>         4.181333         0.521333         0.000000           NaN
MyVoteSys <α=0.80, β=0.33, γ=____, Last>               4.181333         0.521333         0.000000           NaN
bestVoter (Dictatorship)                               5.284000         0.208000         0.126667  14130.808594

