
===== Last Election voting process ======

Stamp Counts Table:
Candidates  NullCandidate  1047  423  2275  296  2085  1559  320  2695  2559  2036  2849  2889  390  2852  2027  2023  2314  2782  954
Stage                                                                                                                                 
0                     175     1   59     2  230    76    14  130    42    66     3    55    41    4     0    72     0    30     0    0
1                     230    22   51    19  144    63    53   90    36    84    14    28    68    5    22    41     0    23     7    0
2                     216    28   31    20   88   101    97   43    32    59    28    59    37   23    30    47     2    30    29    0
3                     164    42   72    26   66    72    83   43    56    38    29    77    27   27    47    47     8    25    36   15
4                      91    95   77    37   57    58    70   43    65    29    59    68    36   35    47    40     5    40    33   15
5                      55    80   85    47   57    44    76   72    75    33    52    48    65   51    35    29    18    33    19   26
6                      47    99   81    40   67    66    77   53    48    52    37    46    58   34    28    51    24    30    43   19
7                      21    86   76    39   43    66    78   58    58    70    32    35    69   44    64    58    30    25    21   27
8                       1    75   59    72   36    49    58   44    29    91    40    31   107   55    56    53    35    38    33   38
9                       0    48   54   103   38    46    51   32    51    55    69    50    56   48    61    49    51    58    44   36
10                      0    53   50    65   32    63    40   56    29    67    83    47    48   65    59    65    58    41    39   40
11                      0    57   55   100   25    35    35   52    32    44    74    59    26   58    56    54    66    39    51   82
12                      0    45   67    77   28    47    45   50    49    41    44    49    21   45    48    66    80    44    70   84
13                      0    48   44    61   22    54    41   36    50    52    75    51    33   63    70    42    78    51    67   62
14                      0    69   28    62   20    27    41   33    45    45    72    69    61   53    73    47    82    55    53   65
15                      0    49   20    53   21    23    33   27    62    52    69    40    64   55    72    48    80    73    90   69
16                      0    45   46    82    9    36    23   33    81    28    55    19    52   77    54    30   103    83    68   76
17                      0    31   26    53    6    30    27   32    72    25    69    46    41  102    64    37   101    84    74   80
18                      0    23   12    35    1    31    37   44    55    34    57    77    40   95    49    59   101   113    51   86
19                      0     4    7     7   10    13    21   29    33    35    39    46    50   61    65    65    78    85   172  180

Processed Vote Counts Table:
Candidates  NullCandidate  1047   423  2275   296  2085  1559   320  2695  2559  2036  2849  2889   390  2852  2027  2023  2314  2782   954
Stage                                                                                                                                      
0                     175     1    59     2   230    76    14   130    42    66     3    55    41     4     0    72     0    30     0     0
1                     405    23   110    21   374   139    67   220    78   150    17    83   109     9    22   113     0    53     7     0
2                     621    51   141    41   462   240   164   263   110   209    45   142   146    32    52   160     2    83    36     0
3                     785    93   213    67   528   312   247   306   166   247    74   219   173    59    99   207    10   108    72    15
4                     876   188   290   104   585   370   317   349   231   276   133   287   209    94   146   247    15   148   105    30
5                     931   268   375   151   642   414   393   421   306   309   185   335   274   145   181   276    33   181   124    56
6                     978   367   456   191   709   480   470   474   354   361   222   381   332   179   209   327    57   211   167    75
7                     999   453   532   230   752   546   548   532   412   431   254   416   401   223   273   385    87   236   188   102
8                    1000   528   591   302   788   595   606   576   441   522   294   447   508   278   329   438   122   274   221   140
9                    1000   576   645   405   826   641   657   608   492   577   363   497   564   326   390   487   173   332   265   176
10                   1000   629   695   470   858   704   697   664   521   644   446   544   612   391   449   552   231   373   304   216
11                   1000   686   750   570   883   739   732   716   553   688   520   603   638   449   505   606   297   412   355   298
12                   1000   731   817   647   911   786   777   766   602   729   564   652   659   494   553   672   377   456   425   382
13                   1000   779   861   708   933   840   818   802   652   781   639   703   692   557   623   714   455   507   492   444
14                   1000   848   889   770   953   867   859   835   697   826   711   772   753   610   696   761   537   562   545   509
15                   1000   897   909   823   974   890   892   862   759   878   780   812   817   665   768   809   617   635   635   578
16                   1000   942   955   905   983   926   915   895   840   906   835   831   869   742   822   839   720   718   703   654
17                   1000   973   981   958   989   956   942   927   912   931   904   877   910   844   886   876   821   802   777   734
18                   1000   996   993   993   990   987   979   971   967   965   961   954   950   939   935   935   922   915   828   820
19                   1000  1000  1000  1000  1000  1000  1000  1000  1000  1000  1000  1000  1000  1000  1000  1000  1000  1000  1000  1000

Score(%) of Candidates Table:
Candidates  NullCandidate   1047    423   2275    296   2085   1559    320   2695   2559   2036   2849   2889    390   2852   2027   2023   2314   2782    954
Stage                                                                                                                                                         
0                    17.5    0.1    5.9    0.2   23.0    7.6    1.4   13.0    4.2    6.6    0.3    5.5    4.1    0.4    0.0    7.2    0.0    3.0    0.0    0.0
1                    40.5    2.3   11.0    2.1   37.4   13.9    6.7   22.0    7.8   15.0    1.7    8.3   10.9    0.9    2.2   11.3    0.0    5.3    0.7    0.0
2                    62.1    5.1   14.1    4.1   46.2   24.0   16.4   26.3   11.0   20.9    4.5   14.2   14.6    3.2    5.2   16.0    0.2    8.3    3.6    0.0
3                    78.5    9.3   21.3    6.7   52.8   31.2   24.7   30.6   16.6   24.7    7.4   21.9   17.3    5.9    9.9   20.7    1.0   10.8    7.2    1.5
4                    87.6   18.8   29.0   10.4   58.5   37.0   31.7   34.9   23.1   27.6   13.3   28.7   20.9    9.4   14.6   24.7    1.5   14.8   10.5    3.0
5                    93.1   26.8   37.5   15.1   64.2   41.4   39.3   42.1   30.6   30.9   18.5   33.5   27.4   14.5   18.1   27.6    3.3   18.1   12.4    5.6
6                    97.8   36.7   45.6   19.1   70.9   48.0   47.0   47.4   35.4   36.1   22.2   38.1   33.2   17.9   20.9   32.7    5.7   21.1   16.7    7.5
7                    99.9   45.3   53.2   23.0   75.2   54.6   54.8   53.2   41.2   43.1   25.4   41.6   40.1   22.3   27.3   38.5    8.7   23.6   18.8   10.2
8                   100.0   52.8   59.1   30.2   78.8   59.5   60.6   57.6   44.1   52.2   29.4   44.7   50.8   27.8   32.9   43.8   12.2   27.4   22.1   14.0
9                   100.0   57.6   64.5   40.5   82.6   64.1   65.7   60.8   49.2   57.7   36.3   49.7   56.4   32.6   39.0   48.7   17.3   33.2   26.5   17.6
10                  100.0   62.9   69.5   47.0   85.8   70.4   69.7   66.4   52.1   64.4   44.6   54.4   61.2   39.1   44.9   55.2   23.1   37.3   30.4   21.6
11                  100.0   68.6   75.0   57.0   88.3   73.9   73.2   71.6   55.3   68.8   52.0   60.3   63.8   44.9   50.5   60.6   29.7   41.2   35.5   29.8
12                  100.0   73.1   81.7   64.7   91.1   78.6   77.7   76.6   60.2   72.9   56.4   65.2   65.9   49.4   55.3   67.2   37.7   45.6   42.5   38.2
13                  100.0   77.9   86.1   70.8   93.3   84.0   81.8   80.2   65.2   78.1   63.9   70.3   69.2   55.7   62.3   71.4   45.5   50.7   49.2   44.4
14                  100.0   84.8   88.9   77.0   95.3   86.7   85.9   83.5   69.7   82.6   71.1   77.2   75.3   61.0   69.6   76.1   53.7   56.2   54.5   50.9
15                  100.0   89.7   90.9   82.3   97.4   89.0   89.2   86.2   75.9   87.8   78.0   81.2   81.7   66.5   76.8   80.9   61.7   63.5   63.5   57.8
16                  100.0   94.2   95.5   90.5   98.3   92.6   91.5   89.5   84.0   90.6   83.5   83.1   86.9   74.2   82.2   83.9   72.0   71.8   70.3   65.4
17                  100.0   97.3   98.1   95.8   98.9   95.6   94.2   92.7   91.2   93.1   90.4   87.7   91.0   84.4   88.6   87.6   82.1   80.2   77.7   73.4
18                  100.0   99.6   99.3   99.3   99.0   98.7   97.9   97.1   96.7   96.5   96.1   95.4   95.0   93.9   93.5   93.5   92.2   91.5   82.8   82.0
19                  100.0  100.0  100.0  100.0  100.0  100.0  100.0  100.0  100.0  100.0  100.0  100.0  100.0  100.0  100.0  100.0  100.0  100.0  100.0  100.0

                                                        winner  winStage                                                   validStages
algorithm                                                                                                                             
InstantRunoffVoting                              NullCandidate       NaN                                                           NaN
SingleTransferableVote                           NullCandidate       NaN                                                           NaN
PreferentialBlockVoting                          NullCandidate       NaN                                                           NaN
FirstPastThePost (but without tactical voting)             296       NaN                                                           NaN
MyVoteSys <α=0.50, β=____, γ=____, First>        NullCandidate       2.0  [2, 3, 4, 5, 6, 7, 8, 9, 10, 11, 12, 13, 14, 15, 16, 17, 18]
MyVoteSys <α=0.50, β=____, γ=____, Last>         NullCandidate      18.0  [2, 3, 4, 5, 6, 7, 8, 9, 10, 11, 12, 13, 14, 15, 16, 17, 18]
MyVoteSys <α=0.50, β=____, γ=____, MinEntropy>   NullCandidate       2.0  [2, 3, 4, 5, 6, 7, 8, 9, 10, 11, 12, 13, 14, 15, 16, 17, 18]
MyVoteSys <α=0.50, β=____, γ=____, MaxEntropy>   NullCandidate      18.0  [2, 3, 4, 5, 6, 7, 8, 9, 10, 11, 12, 13, 14, 15, 16, 17, 18]
MyVoteSys <α=0.50, β=____, γ=____, MinVariance>  NullCandidate       7.0  [2, 3, 4, 5, 6, 7, 8, 9, 10, 11, 12, 13, 14, 15, 16, 17, 18]
MyVoteSys <α=0.50, β=____, γ=____, MaxVariance>  NullCandidate      18.0  [2, 3, 4, 5, 6, 7, 8, 9, 10, 11, 12, 13, 14, 15, 16, 17, 18]
MyVoteSys <α=0.50, β=____, γ=0.66, First>        NullCandidate       2.0                                                        [2, 3]
MyVoteSys <α=0.50, β=____, γ=0.66, Last>         NullCandidate       3.0                                                        [2, 3]
MyVoteSys <α=0.50, β=____, γ=0.66, MinEntropy>   NullCandidate       2.0                                                        [2, 3]
MyVoteSys <α=0.50, β=____, γ=0.66, MaxEntropy>   NullCandidate       3.0                                                        [2, 3]
MyVoteSys <α=0.50, β=____, γ=0.66, MinVariance>  NullCandidate       3.0                                                        [2, 3]
MyVoteSys <α=0.50, β=____, γ=0.66, MaxVariance>  NullCandidate       2.0                                                        [2, 3]
MyVoteSys <α=0.50, β=____, γ=0.80, First>        NullCandidate       2.0                                                     [2, 3, 4]
MyVoteSys <α=0.50, β=____, γ=0.80, Last>         NullCandidate       4.0                                                     [2, 3, 4]
MyVoteSys <α=0.50, β=____, γ=0.80, MinEntropy>   NullCandidate       2.0                                                     [2, 3, 4]
MyVoteSys <α=0.50, β=____, γ=0.80, MaxEntropy>   NullCandidate       4.0                                                     [2, 3, 4]
MyVoteSys <α=0.50, β=____, γ=0.80, MinVariance>  NullCandidate       4.0                                                     [2, 3, 4]
MyVoteSys <α=0.50, β=____, γ=0.80, MaxVariance>  NullCandidate       2.0                                                     [2, 3, 4]
MyVoteSys <α=0.50, β=0.33, γ=____, First>        NullCandidate       1.0                                                            []
MyVoteSys <α=0.50, β=0.33, γ=____, Last>         NullCandidate       1.0                                                            []
MyVoteSys <α=0.50, β=0.33, γ=____, MinEntropy>   NullCandidate       1.0                                                            []
MyVoteSys <α=0.50, β=0.33, γ=____, MaxEntropy>   NullCandidate       1.0                                                            []
MyVoteSys <α=0.50, β=0.33, γ=____, MinVariance>  NullCandidate       1.0                                                            []
MyVoteSys <α=0.50, β=0.33, γ=____, MaxVariance>  NullCandidate       1.0                                                            []
MyVoteSys <α=0.50, β=0.33, γ=0.66, First>        NullCandidate       1.0                                                            []
MyVoteSys <α=0.50, β=0.33, γ=0.66, Last>         NullCandidate       1.0                                                            []
MyVoteSys <α=0.50, β=0.33, γ=0.66, MinEntropy>   NullCandidate       1.0                                                            []
MyVoteSys <α=0.50, β=0.33, γ=0.66, MaxEntropy>   NullCandidate       1.0                                                            []
MyVoteSys <α=0.50, β=0.33, γ=0.66, MinVariance>  NullCandidate       1.0                                                            []
MyVoteSys <α=0.50, β=0.33, γ=0.66, MaxVariance>  NullCandidate       1.0                                                            []
MyVoteSys <α=0.50, β=0.33, γ=0.80, First>        NullCandidate       1.0                                                            []
MyVoteSys <α=0.50, β=0.33, γ=0.80, Last>         NullCandidate       1.0                                                            []
MyVoteSys <α=0.50, β=0.33, γ=0.80, MinEntropy>   NullCandidate       1.0                                                            []
MyVoteSys <α=0.50, β=0.33, γ=0.80, MaxEntropy>   NullCandidate       1.0                                                            []
MyVoteSys <α=0.50, β=0.33, γ=0.80, MinVariance>  NullCandidate       1.0                                                            []
MyVoteSys <α=0.50, β=0.33, γ=0.80, MaxVariance>  NullCandidate       1.0                                                            []
MyVoteSys <α=0.66, β=____, γ=____, First>        NullCandidate       3.0     [3, 4, 5, 6, 7, 8, 9, 10, 11, 12, 13, 14, 15, 16, 17, 18]
MyVoteSys <α=0.66, β=____, γ=____, Last>         NullCandidate      18.0     [3, 4, 5, 6, 7, 8, 9, 10, 11, 12, 13, 14, 15, 16, 17, 18]
MyVoteSys <α=0.66, β=____, γ=____, MinEntropy>   NullCandidate       3.0     [3, 4, 5, 6, 7, 8, 9, 10, 11, 12, 13, 14, 15, 16, 17, 18]
MyVoteSys <α=0.66, β=____, γ=____, MaxEntropy>   NullCandidate      18.0     [3, 4, 5, 6, 7, 8, 9, 10, 11, 12, 13, 14, 15, 16, 17, 18]
MyVoteSys <α=0.66, β=____, γ=____, MinVariance>  NullCandidate       7.0     [3, 4, 5, 6, 7, 8, 9, 10, 11, 12, 13, 14, 15, 16, 17, 18]
MyVoteSys <α=0.66, β=____, γ=____, MaxVariance>  NullCandidate      18.0     [3, 4, 5, 6, 7, 8, 9, 10, 11, 12, 13, 14, 15, 16, 17, 18]
MyVoteSys <α=0.66, β=____, γ=0.80, First>        NullCandidate       3.0                                                        [3, 4]
MyVoteSys <α=0.66, β=____, γ=0.80, Last>         NullCandidate       4.0                                                        [3, 4]
MyVoteSys <α=0.66, β=____, γ=0.80, MinEntropy>   NullCandidate       3.0                                                        [3, 4]
MyVoteSys <α=0.66, β=____, γ=0.80, MaxEntropy>   NullCandidate       4.0                                                        [3, 4]
MyVoteSys <α=0.66, β=____, γ=0.80, MinVariance>  NullCandidate       4.0                                                        [3, 4]
MyVoteSys <α=0.66, β=____, γ=0.80, MaxVariance>  NullCandidate       3.0                                                        [3, 4]
MyVoteSys <α=0.66, β=0.33, γ=____, First>        NullCandidate       1.0                                                            []
MyVoteSys <α=0.66, β=0.33, γ=____, Last>         NullCandidate       1.0                                                            []
MyVoteSys <α=0.66, β=0.33, γ=____, MinEntropy>   NullCandidate       1.0                                                            []
MyVoteSys <α=0.66, β=0.33, γ=____, MaxEntropy>   NullCandidate       1.0                                                            []
MyVoteSys <α=0.66, β=0.33, γ=____, MinVariance>  NullCandidate       1.0                                                            []
MyVoteSys <α=0.66, β=0.33, γ=____, MaxVariance>  NullCandidate       1.0                                                            []
MyVoteSys <α=0.66, β=0.33, γ=0.80, First>        NullCandidate       1.0                                                            []
MyVoteSys <α=0.66, β=0.33, γ=0.80, Last>         NullCandidate       1.0                                                            []
MyVoteSys <α=0.66, β=0.33, γ=0.80, MinEntropy>   NullCandidate       1.0                                                            []
MyVoteSys <α=0.66, β=0.33, γ=0.80, MaxEntropy>   NullCandidate       1.0                                                            []
MyVoteSys <α=0.66, β=0.33, γ=0.80, MinVariance>  NullCandidate       1.0                                                            []
MyVoteSys <α=0.66, β=0.33, γ=0.80, MaxVariance>  NullCandidate       1.0                                                            []
MyVoteSys <α=0.80, β=____, γ=____, First>        NullCandidate       4.0        [4, 5, 6, 7, 8, 9, 10, 11, 12, 13, 14, 15, 16, 17, 18]
MyVoteSys <α=0.80, β=____, γ=____, Last>         NullCandidate      18.0        [4, 5, 6, 7, 8, 9, 10, 11, 12, 13, 14, 15, 16, 17, 18]
MyVoteSys <α=0.80, β=____, γ=____, MinEntropy>   NullCandidate       4.0        [4, 5, 6, 7, 8, 9, 10, 11, 12, 13, 14, 15, 16, 17, 18]
MyVoteSys <α=0.80, β=____, γ=____, MaxEntropy>   NullCandidate      18.0        [4, 5, 6, 7, 8, 9, 10, 11, 12, 13, 14, 15, 16, 17, 18]
MyVoteSys <α=0.80, β=____, γ=____, MinVariance>  NullCandidate       7.0        [4, 5, 6, 7, 8, 9, 10, 11, 12, 13, 14, 15, 16, 17, 18]
MyVoteSys <α=0.80, β=____, γ=____, MaxVariance>  NullCandidate      18.0        [4, 5, 6, 7, 8, 9, 10, 11, 12, 13, 14, 15, 16, 17, 18]
MyVoteSys <α=0.80, β=0.33, γ=____, First>        NullCandidate       1.0                                                            []
MyVoteSys <α=0.80, β=0.33, γ=____, Last>         NullCandidate       1.0                                                            []
MyVoteSys <α=0.80, β=0.33, γ=____, MinEntropy>   NullCandidate       1.0                                                            []
MyVoteSys <α=0.80, β=0.33, γ=____, MaxEntropy>   NullCandidate       1.0                                                            []
MyVoteSys <α=0.80, β=0.33, γ=____, MinVariance>  NullCandidate       1.0                                                            []
MyVoteSys <α=0.80, β=0.33, γ=____, MaxVariance>  NullCandidate       1.0                                                            []
bestVoter (Dictatorship)                                   296       NaN                                                           NaN
crowd-Mean                                       NullCandidate       NaN                                                           NaN
crowd-Median                                     NullCandidate       NaN                                                           NaN 

Last Election Candidates:
                        y
Candidates               
954           -180.291413
2023          -148.368876
2852          -126.931247
2782           -57.513978
2314           -48.391592
390            -47.415327
2036           -26.287806
2849           -14.497600
2275           -13.032439
1047             1.745686
2695             4.958820
1559            16.156268
320             24.323271
2889            34.059948
2027            41.512987
NullCandidate   52.397600
423             52.412802
2085            86.739899
2559           117.144183
296            144.863184

Voters Validation Mean Squared Error:
[16262.75, 14592.32, 14746.81, 13454.06, 15900.17, 14958.11, 12898.09, 14608.97, 13348.19, 16146.08, 12800.72, 12769.46, 14303.89, 13228.6, 15008.47, 13915.25, 15350.71, 13905.14, 14278.41, 13627.71, 14507.03, 12372.83, 14162.5, 16252.84, 14895.03, 14296.0, 15691.44, 13898.61, 15296.77, 16240.86, 16683.95, 12390.97, 15126.25, 14094.34, 13745.31, 13144.95, 14824.73, 14695.38, 14220.04, 14388.95, 14505.02, 14094.31, 12556.6, 13888.9, 14484.94, 15880.1, 14979.74, 14725.33, 15710.35, 16293.18, 14179.84, 15375.22, 12841.52, 14607.87, 15808.4, 14217.56, 15221.23, 15588.96, 14316.65, 15414.73, 15593.15, 15656.97, 12793.56, 13228.38, 13323.87, 13262.97, 12974.72, 14214.96, 12356.32, 14692.77, 15086.34, 14131.96, 14423.24, 15475.97, 14076.76, 15198.7, 13503.44, 14534.3, 14757.62, 15518.78, 13331.63, 14131.75, 14131.42, 15145.37, 15261.78, 15991.28, 16702.31, 15952.84, 13852.06, 15441.3, 15046.16, 15168.22, 13885.83, 15104.56, 13919.37, 15372.81, 14959.41, 14518.37, 13238.13, 11263.56, 14176.12, 13760.06, 15916.54, 15598.77, 14954.06, 14681.46, 14636.84, 14687.15, 13770.12, 13087.74, 12378.28, 14414.53, 15301.71, 14391.25, 11542.6, 17991.62, 16719.69, 15019.5, 13948.78, 15177.7, 15336.64, 15239.74, 14719.83, 17179.28, 13155.97, 15496.99, 15437.43, 15485.82, 13305.47, 16348.81, 14780.16, 13427.78, 13756.09, 13573.16, 16089.14, 17653.02, 14901.47, 16941.37, 15341.58, 16503.78, 13618.07, 14601.8, 15375.69, 16040.17, 14607.25, 15852.24, 14586.99, 13425.66, 15786.16, 13375.47, 14736.52, 14492.09, 14710.82, 14432.81, 13903.84, 16519.9, 14554.84, 14477.63, 14495.35, 11294.14, 14589.74, 13955.89, 13588.16, 14212.61, 15620.24, 12947.72, 14593.98, 16670.71, 15541.33, 15420.69, 14856.25, 14880.23, 15607.91, 14525.14, 14766.17, 15596.85, 15218.45, 15477.35, 16684.78, 15486.51, 14994.9, 14085.28, 16733.87, 13516.78, 14617.61, 17353.93, 13760.38, 13728.53, 15021.69, 12821.18, 14292.04, 15755.65, 16312.64, 13203.31, 14848.24, 13442.67, 18479.1, 16415.32, 14104.51, 15625.01, 14747.66, 14312.07, 13274.45, 14820.78, 14808.66, 14507.28, 14576.15, 12842.02, 14484.43, 15374.01, 14832.7, 14252.89, 13508.1, 15105.57, 15544.58, 14219.36, 15387.46, 14975.03, 14740.37, 14659.52, 14376.64, 15058.59, 18631.96, 13969.23, 15870.58, 16194.31, 15794.86, 16526.99, 14226.94, 13822.95, 14832.55, 14130.75, 15182.69, 15343.32, 14890.06, 16410.19, 13395.79, 13271.42, 13226.31, 12914.24, 13517.11, 12389.65, 17021.14, 14907.06, 15061.39, 15312.09, 15207.01, 13298.95, 16860.0, 12744.58, 14103.93, 13905.21, 15148.24, 15851.97, 16424.48, 12867.73, 14536.15, 13212.72, 15034.8, 15085.63, 12945.81, 14934.6, 17627.79, 16855.23, 15863.87, 14621.64, 14077.41, 14117.42, 15064.29, 12960.38, 15168.77, 14275.95, 14628.25, 15200.19, 14668.91, 15442.29, 15822.15, 16168.53, 15582.08, 15692.39, 15238.46, 15552.69, 13755.23, 13177.21, 14204.28, 13686.33, 12678.53, 15272.65, 15282.4, 13906.22, 15682.03, 14750.4, 15832.65, 13622.34, 13398.08, 15020.69, 12850.39, 15680.58, 12951.79, 16394.05, 14526.93, 15161.64, 16262.25, 13962.88, 13919.76, 12847.11, 15138.81, 14487.56, 14255.98, 13682.1, 13098.73, 13017.36, 13439.51, 15552.42, 14838.77, 15504.61, 13380.53, 12331.21, 14197.07, 15118.18, 15232.38, 12601.03, 15472.88, 15191.53, 16267.64, 15374.43, 14896.02, 14606.36, 17132.58, 13442.31, 14586.78, 15208.0, 14362.59, 13847.4, 14766.87, 14974.17, 12732.91, 12872.14, 13702.69, 15007.75, 14632.22, 12938.16, 13765.97, 14169.62, 13832.31, 14972.38, 14366.37, 12613.81, 14182.41, 14249.22, 14799.55, 14541.27, 13155.25, 14062.31, 13415.98, 14270.71, 15548.09, 12316.03, 14048.97, 16187.75, 14099.05, 12842.63, 14598.18, 14060.01, 14461.04, 15654.64, 12805.21, 12718.64, 14191.59, 14542.35, 15030.56, 12820.6, 12760.11, 13886.9, 13410.25, 15381.93, 13993.43, 16130.47, 14336.47, 14173.32, 16976.9, 13514.08, 15581.94, 15295.56, 14989.58, 15408.77, 14356.26, 14803.95, 14164.04, 14988.59, 15539.52, 13993.66, 14852.49, 13539.52, 15914.69, 14412.11, 15435.38, 12546.27, 12479.98, 14187.73, 16026.51, 15849.91, 13749.6, 13503.97, 14940.83, 14155.56, 16439.9, 13841.59, 17646.04, 16493.64, 13910.42, 14499.88, 14654.88, 15694.76, 14996.9, 15573.94, 15629.36, 14986.5, 13540.6, 15339.03, 15828.39, 14219.07, 14578.4, 14026.33, 15167.01, 14800.25, 11943.87, 14032.35, 14705.22, 15506.12, 14228.91, 14114.58, 14869.92, 12811.99, 14530.73, 13653.96, 14751.97, 16546.79, 14491.96, 15807.39, 14816.53, 13071.6, 16122.2, 15300.88, 15408.11, 14632.78, 15456.16, 14288.57, 18702.58, 14650.05, 13323.31, 18169.83, 15568.8, 14135.64, 14665.21, 14383.52, 13129.11, 12763.57, 12430.86, 15149.42, 14572.69, 15029.58, 13169.45, 14355.55, 13729.11, 15337.35, 14207.75, 13433.83, 14388.88, 13907.19, 15168.64, 13371.79, 14612.2, 15413.32, 13771.93, 15847.52, 15024.7, 12653.01, 14108.31, 15118.39, 14165.45, 13587.35, 14701.47, 16641.93, 13964.08, 13586.44, 15152.04, 15183.41, 14927.99, 15047.38, 13696.96, 14007.64, 13146.62, 13800.04, 15017.41, 14143.02, 13584.68, 15270.81, 14590.6, 14152.9, 17679.23, 16563.58, 13706.07, 13713.7, 16192.32, 13786.16, 16055.19, 15016.33, 15047.73, 15048.74, 17159.45, 16842.4, 14188.85, 13263.13, 12716.87, 15060.06, 15004.85, 12538.82, 13265.95, 15721.87, 16121.68, 16477.8, 14660.66, 14828.05, 14448.72, 16075.53, 15602.5, 12764.59, 13581.92, 16043.98, 14522.03, 15539.6, 13792.06, 13731.17, 12501.59, 16951.8, 15542.57, 13736.1, 14299.08, 14432.78, 14368.88, 16455.41, 14583.29, 15790.39, 15479.04, 14894.38, 13739.0, 16730.46, 15194.44, 14883.51, 14358.42, 14393.79, 12619.96, 14265.8, 15416.44, 13729.61, 12390.88, 14841.16, 14691.06, 14444.87, 13690.17, 14456.46, 13627.48, 14257.87, 15688.43, 13579.3, 14201.75, 12958.03, 13977.11, 13545.64, 14848.93, 13334.33, 17195.22, 16944.6, 13150.12, 15377.56, 13804.65, 14093.59, 15489.62, 13604.9, 13223.85, 14831.29, 14944.61, 13868.6, 13409.41, 12707.78, 14026.01, 14190.1, 15847.83, 13719.14, 14121.75, 15575.56, 15139.97, 16244.44, 13858.24, 14809.09, 15069.2, 14275.03, 13130.55, 14253.86, 15040.53, 16237.57, 16218.12, 15370.91, 13544.82, 14772.43, 15473.51, 14172.27, 13913.4, 14242.06, 13534.71, 13677.67, 15195.86, 15047.98, 16851.99, 15411.71, 15221.7, 14491.14, 14213.84, 16302.85, 14877.67, 15241.59, 15692.0, 15341.35, 14358.54, 16241.79, 14049.2, 16922.0, 16259.55, 15664.01, 16376.95, 15037.21, 13700.39, 13745.33, 13393.46, 15376.2, 12711.57, 13364.68, 12998.86, 13987.09, 14379.39, 12554.67, 14113.76, 13958.58, 16405.23, 14467.39, 13895.91, 14346.75, 14015.0, 14557.13, 14197.35, 14348.27, 16413.2, 14806.88, 14723.25, 14691.27, 15165.02, 15438.03, 15245.61, 16363.16, 12894.21, 16017.33, 16356.43, 14171.65, 15393.84, 14713.12, 14580.38, 15238.84, 13872.69, 12563.23, 14323.91, 14898.11, 14259.11, 12952.18, 16660.7, 15824.94, 15649.67, 14824.83, 14118.49, 14929.93, 13619.94, 13319.89, 13903.53, 14845.69, 15563.1, 15185.72, 18103.64, 14648.69, 13728.67, 16755.48, 12607.39, 13217.07, 15896.12, 14999.76, 16515.2, 14621.33, 14292.91, 12868.96, 13909.6, 14335.37, 14458.51, 16996.2, 14511.76, 13014.2, 14517.99, 14636.67, 14463.74, 13062.95, 16032.57, 15761.92, 13717.87, 14093.33, 15715.82, 14153.8, 14061.42, 12894.77, 14697.94, 13738.54, 13494.47, 13183.93, 13614.34, 14152.71, 12518.75, 15228.82, 14091.06, 13793.6, 14722.86, 15335.72, 14187.66, 14998.19, 13859.21, 16111.03, 15722.81, 14436.6, 12551.38, 16035.36, 14846.44, 13806.35, 13350.0, 15860.08, 14372.93, 16720.73, 13252.38, 15127.39, 15668.08, 14208.47, 13830.62, 16066.7, 13348.23, 15649.89, 15831.41, 14146.21, 13831.53, 12790.51, 16020.36, 14164.19, 14792.41, 16073.51, 15004.11, 14873.01, 16552.91, 14747.49, 14884.81, 13512.29, 14709.54, 16077.02, 14400.14, 14685.47, 14988.65, 13473.46, 17904.63, 12994.8, 15017.9, 15091.9, 14933.31, 13886.06, 14197.55, 13575.14, 12045.16, 15050.49, 15870.24, 13372.05, 14368.83, 15112.77, 16970.86, 13895.39, 13067.71, 15388.31, 13671.09, 14887.59, 14710.73, 14142.91, 13919.06, 15645.66, 14995.46, 13742.97, 12681.86, 16159.14, 14909.13, 13324.47, 13893.78, 16573.09, 16072.49, 14156.66, 14698.29, 13605.85, 12593.44, 15691.46, 14466.64, 12791.3, 14345.04, 13714.61, 15503.1, 14097.72, 15594.41, 16958.69, 14464.32, 14171.23, 13557.46, 16485.84, 15751.85, 15547.72, 14952.49, 14796.63, 14374.63, 14529.24, 13905.53, 15644.92, 14085.13, 14759.96, 15132.27, 14698.16, 13391.2, 15829.46, 15834.42, 14306.4, 15171.93, 14179.04, 14984.36, 14455.02, 15660.26, 17271.35, 15039.0, 11899.92, 14906.12, 14440.72, 13354.38, 14051.05, 15608.64, 14458.21, 15115.54, 15382.8, 18260.13, 14491.54, 13164.75, 13916.8, 13794.03, 14174.16, 13699.82, 14987.39, 14329.5, 13966.16, 15591.26, 14942.45, 14670.56, 14957.94, 15064.16, 14896.94, 13725.65, 13298.55, 13303.96, 13970.56, 14660.28, 14827.08, 15093.78, 14042.59, 13030.62, 12086.82, 14304.06, 12817.34, 15570.2, 16251.62, 14456.52, 14610.93, 16147.4, 13402.51, 15192.93, 12785.19, 12692.76, 13506.78, 14659.33, 13542.55, 16590.4, 12381.28, 15327.66, 15253.88, 13852.94, 14417.19, 13716.43, 15645.46, 14109.96, 15357.27, 15093.48, 13799.09, 15302.15, 13471.21, 12952.33, 16202.76, 13702.19, 14221.54, 14711.78, 13689.82, 14967.83, 14764.81, 14239.29, 12660.41, 13155.02, 15469.77, 14823.09, 14622.12, 14027.56, 15559.11, 14568.86, 14347.28, 15513.18, 16216.17, 14479.9, 13709.79, 14253.4, 15536.45, 17822.72, 13268.89, 16449.5, 15236.94, 15365.01, 15320.2, 14000.94, 14790.95, 14388.05, 14627.34, 15913.57, 13337.72, 11563.66, 15493.28, 13857.49, 13660.51, 13821.49, 14189.73, 15455.33, 15567.54, 15951.14, 14431.97, 16804.83, 12213.65, 14421.89, 14011.58, 17181.04, 13792.65, 13477.8, 16947.15, 14957.17, 15239.94, 14475.73, 16118.06, 14344.19, 12954.0, 13969.45, 14073.36, 14619.35, 14157.23, 14496.15, 15449.16, 16417.38, 15525.32, 15708.71, 15352.21, 14749.31, 13755.32, 15172.11, 13990.0, 14702.21, 15896.87, 14525.42, 14110.27, 16332.04, 13559.92, 16561.15, 15055.11, 16567.08, 11432.95, 15076.15, 15826.79, 14456.6, 13145.57, 15774.33, 14697.33, 13648.27, 14686.72, 13055.78, 13166.32]

Voters Validation Mean Error:
[127.53, 120.8, 121.44, 115.99, 126.1, 122.3, 113.57, 120.87, 115.53, 127.07, 113.14, 113.0, 119.6, 115.02, 122.51, 117.96, 123.9, 117.92, 119.49, 116.74, 120.45, 111.23, 119.01, 127.49, 122.05, 119.57, 125.27, 117.89, 123.68, 127.44, 129.17, 111.31, 122.99, 118.72, 117.24, 114.65, 121.76, 121.22, 119.25, 119.95, 120.44, 118.72, 112.06, 117.85, 120.35, 126.02, 122.39, 121.35, 125.34, 127.64, 119.08, 124.0, 113.32, 120.86, 125.73, 119.24, 123.37, 124.86, 119.65, 124.16, 124.87, 125.13, 113.11, 115.01, 115.43, 115.16, 113.91, 119.23, 111.16, 121.21, 122.83, 118.88, 120.1, 124.4, 118.65, 123.28, 116.2, 120.56, 121.48, 124.57, 115.46, 118.88, 118.88, 123.07, 123.54, 126.46, 129.24, 126.3, 117.69, 124.26, 122.66, 123.16, 117.84, 122.9, 117.98, 123.99, 122.31, 120.49, 115.06, 106.13, 119.06, 117.3, 126.16, 124.9, 122.29, 121.17, 120.98, 121.19, 117.35, 114.4, 111.26, 120.06, 123.7, 119.96, 107.44, 134.13, 129.3, 122.55, 118.1, 123.2, 123.84, 123.45, 121.33, 131.07, 114.7, 124.49, 124.25, 124.44, 115.35, 127.86, 121.57, 115.88, 117.29, 116.5, 126.84, 132.86, 122.07, 130.16, 123.86, 128.47, 116.7, 120.84, 124.0, 126.65, 120.86, 125.91, 120.78, 115.87, 125.64, 115.65, 121.39, 120.38, 121.29, 120.14, 117.91, 128.53, 120.64, 120.32, 120.4, 106.27, 120.79, 118.14, 116.57, 119.22, 124.98, 113.79, 120.81, 129.12, 124.66, 124.18, 121.89, 121.98, 124.93, 120.52, 121.52, 124.89, 123.36, 124.41, 129.17, 124.44, 122.45, 118.68, 129.36, 116.26, 120.9, 131.73, 117.3, 117.17, 122.56, 113.23, 119.55, 125.52, 127.72, 114.91, 121.85, 115.94, 135.94, 128.12, 118.76, 125.0, 121.44, 119.63, 115.21, 121.74, 121.69, 120.45, 120.73, 113.32, 120.35, 123.99, 121.79, 119.39, 116.22, 122.9, 124.68, 119.24, 124.05, 122.37, 121.41, 121.08, 119.9, 122.71, 136.5, 118.19, 125.98, 127.26, 125.68, 128.56, 119.28, 117.57, 121.79, 118.87, 123.22, 123.87, 122.02, 128.1, 115.74, 115.2, 115.01, 113.64, 116.26, 111.31, 130.47, 122.09, 122.72, 123.74, 123.32, 115.32, 129.85, 112.89, 118.76, 117.92, 123.08, 125.9, 128.16, 113.44, 120.57, 114.95, 122.62, 122.82, 113.78, 122.21, 132.77, 129.83, 125.95, 120.92, 118.65, 118.82, 122.74, 113.84, 123.16, 119.48, 120.95, 123.29, 121.12, 124.27, 125.79, 127.16, 124.83, 125.27, 123.44, 124.71, 117.28, 114.79, 119.18, 116.99, 112.6, 123.58, 123.62, 117.92, 125.23, 121.45, 125.83, 116.71, 115.75, 122.56, 113.36, 125.22, 113.81, 128.04, 120.53, 123.13, 127.52, 118.16, 117.98, 113.35, 123.04, 120.36, 119.4, 116.97, 114.45, 114.09, 115.93, 124.71, 121.81, 124.52, 115.67, 111.05, 119.15, 122.96, 123.42, 112.25, 124.39, 123.25, 127.54, 123.99, 122.05, 120.86, 130.89, 115.94, 120.78, 123.32, 119.84, 117.67, 121.52, 122.37, 112.84, 113.46, 117.06, 122.51, 120.96, 113.75, 117.33, 119.04, 117.61, 122.36, 119.86, 112.31, 119.09, 119.37, 121.65, 120.59, 114.7, 118.58, 115.83, 119.46, 124.69, 110.98, 118.53, 127.23, 118.74, 113.33, 120.82, 118.57, 120.25, 125.12, 113.16, 112.78, 119.13, 120.59, 122.6, 113.23, 112.96, 117.84, 115.8, 124.02, 118.29, 127.01, 119.74, 119.05, 130.3, 116.25, 124.83, 123.68, 122.43, 124.13, 119.82, 121.67, 119.01, 122.43, 124.66, 118.29, 121.87, 116.36, 126.15, 120.05, 124.24, 112.01, 111.71, 119.11, 126.6, 125.9, 117.26, 116.21, 122.23, 118.98, 128.22, 117.65, 132.84, 128.43, 117.94, 120.42, 121.06, 125.28, 122.46, 124.8, 125.02, 122.42, 116.36, 123.85, 125.81, 119.24, 120.74, 118.43, 123.15, 121.66, 109.29, 118.46, 121.27, 124.52, 119.29, 118.8, 121.94, 113.19, 120.54, 116.85, 121.46, 128.63, 120.38, 125.73, 121.72, 114.33, 126.97, 123.7, 124.13, 120.97, 124.32, 119.53, 136.76, 121.04, 115.43, 134.8, 124.77, 118.89, 121.1, 119.93, 114.58, 112.98, 111.49, 123.08, 120.72, 122.6, 114.76, 119.81, 117.17, 123.84, 119.2, 115.9, 119.95, 117.93, 123.16, 115.64, 120.88, 124.15, 117.35, 125.89, 122.58, 112.49, 118.78, 122.96, 119.02, 116.56, 121.25, 129.0, 118.17, 116.56, 123.09, 123.22, 122.18, 122.67, 117.03, 118.35, 114.66, 117.47, 122.55, 118.92, 116.55, 123.58, 120.79, 118.97, 132.96, 128.7, 117.07, 117.11, 127.25, 117.41, 126.71, 122.54, 122.67, 122.67, 130.99, 129.78, 119.12, 115.17, 112.77, 122.72, 122.49, 111.98, 115.18, 125.39, 126.97, 128.37, 121.08, 121.77, 120.2, 126.79, 124.91, 112.98, 116.54, 126.66, 120.51, 124.66, 117.44, 117.18, 111.81, 130.2, 124.67, 117.2, 119.58, 120.14, 119.87, 128.28, 120.76, 125.66, 124.41, 122.04, 117.21, 129.35, 123.27, 122.0, 119.83, 119.97, 112.34, 119.44, 124.16, 117.17, 111.31, 121.82, 121.21, 120.19, 117.0, 120.24, 116.74, 119.41, 125.25, 116.53, 119.17, 113.83, 118.22, 116.39, 121.86, 115.47, 131.13, 130.17, 114.67, 124.01, 117.49, 118.72, 124.46, 116.64, 115.0, 121.78, 122.25, 117.77, 115.8, 112.73, 118.43, 119.12, 125.89, 117.13, 118.83, 124.8, 123.04, 127.45, 117.72, 121.69, 122.76, 119.48, 114.59, 119.39, 122.64, 127.43, 127.35, 123.98, 116.38, 121.54, 124.39, 119.05, 117.96, 119.34, 116.34, 116.95, 123.27, 122.67, 129.82, 124.14, 123.38, 120.38, 119.22, 127.68, 121.97, 123.46, 125.27, 123.86, 119.83, 127.44, 118.53, 130.08, 127.51, 125.16, 127.97, 122.63, 117.05, 117.24, 115.73, 124.0, 112.75, 115.61, 114.01, 118.27, 119.91, 112.05, 118.8, 118.15, 128.08, 120.28, 117.88, 119.78, 118.38, 120.65, 119.15, 119.78, 128.11, 121.68, 121.34, 121.21, 123.15, 124.25, 123.47, 127.92, 113.55, 126.56, 127.89, 119.04, 124.07, 121.3, 120.75, 123.45, 117.78, 112.09, 119.68, 122.06, 119.41, 113.81, 129.08, 125.8, 125.1, 121.76, 118.82, 122.19, 116.7, 115.41, 117.91, 121.84, 124.75, 123.23, 134.55, 121.03, 117.17, 129.44, 112.28, 114.97, 126.08, 122.47, 128.51, 120.92, 119.55, 113.44, 117.94, 119.73, 120.24, 130.37, 120.46, 114.08, 120.49, 120.98, 120.27, 114.29, 126.62, 125.55, 117.12, 118.72, 125.36, 118.97, 118.58, 113.56, 121.24, 117.21, 116.17, 114.82, 116.68, 118.97, 111.89, 123.41, 118.71, 117.45, 121.34, 123.84, 119.11, 122.47, 117.73, 126.93, 125.39, 120.15, 112.03, 126.63, 121.85, 117.5, 115.54, 125.94, 119.89, 129.31, 115.12, 122.99, 125.17, 119.2, 117.6, 126.75, 115.53, 125.1, 125.82, 118.94, 117.61, 113.1, 126.57, 119.01, 121.62, 126.78, 122.49, 121.95, 128.66, 121.44, 122.0, 116.24, 121.28, 126.8, 120.0, 121.18, 122.43, 116.08, 133.81, 113.99, 122.55, 122.85, 122.2, 117.84, 119.15, 116.51, 109.75, 122.68, 125.98, 115.64, 119.87, 122.93, 130.27, 117.88, 114.31, 124.05, 116.92, 122.01, 121.29, 118.92, 117.98, 125.08, 122.46, 117.23, 112.61, 127.12, 122.1, 115.43, 117.87, 128.74, 126.78, 118.98, 121.24, 116.64, 112.22, 125.27, 120.28, 113.1, 119.77, 117.11, 124.51, 118.73, 124.88, 130.23, 120.27, 119.04, 116.44, 128.4, 125.51, 124.69, 122.28, 121.64, 119.89, 120.54, 117.92, 125.08, 118.68, 121.49, 123.01, 121.24, 115.72, 125.82, 125.83, 119.61, 123.17, 119.08, 122.41, 120.23, 125.14, 131.42, 122.63, 109.09, 122.09, 120.17, 115.56, 118.54, 124.93, 120.24, 122.95, 124.03, 135.13, 120.38, 114.74, 117.97, 117.45, 119.06, 117.05, 122.42, 119.71, 118.18, 124.86, 122.24, 121.12, 122.3, 122.74, 122.05, 117.16, 115.32, 115.34, 118.2, 121.08, 121.77, 122.86, 118.5, 114.15, 109.94, 119.6, 113.21, 124.78, 127.48, 120.24, 120.88, 127.07, 115.77, 123.26, 113.07, 112.66, 116.22, 121.08, 116.37, 128.8, 111.27, 123.8, 123.51, 117.7, 120.07, 117.12, 125.08, 118.79, 123.92, 122.86, 117.47, 123.7, 116.07, 113.81, 127.29, 117.06, 119.25, 121.29, 117.0, 122.34, 121.51, 119.33, 112.52, 114.7, 124.38, 121.75, 120.92, 118.44, 124.74, 120.7, 119.78, 124.55, 127.34, 120.33, 117.09, 119.39, 124.65, 133.5, 115.19, 128.26, 123.44, 123.96, 123.77, 118.33, 121.62, 119.95, 120.94, 126.15, 115.49, 107.53, 124.47, 117.72, 116.88, 117.56, 119.12, 124.32, 124.77, 126.3, 120.13, 129.63, 110.52, 120.09, 118.37, 131.08, 117.44, 116.09, 130.18, 122.3, 123.45, 120.32, 126.96, 119.77, 113.82, 118.19, 118.63, 120.91, 118.98, 120.4, 124.29, 128.13, 124.6, 125.33, 123.9, 121.45, 117.28, 123.18, 118.28, 121.25, 126.08, 120.52, 118.79, 127.8, 116.45, 128.69, 122.7, 128.71, 106.92, 122.78, 125.8, 120.24, 114.65, 125.6, 121.23, 116.83, 121.19, 114.26, 114.74]

numCandiates : 20
numVoters : 1000
numElections : 100
columnBlindness : [7, 9]
epochs : 133
trainableLayerCount : 1
crowdBuildMethod : {'name': 'standardDistribution', 'mean': 14000, 'standardDeviation': 1333}
dataSetName : mySynthetic
predictedFeature : y

========= SIMULATION RESULTS ========
Metrics                                          meanWinnerRank  rateTrueWinners  rateWinner<NULL  val_Mean²Err
Algorithms                                                                                                     
bestVoter (Dictatorship)                                   3.42             0.36             0.12  11263.562500
FirstPastThePost (but without tactical voting)             3.82             0.35             0.00           NaN
crowd-Mean                                                 5.14             0.30             0.00  20288.945312
crowd-Median                                               5.14             0.30             0.00  20194.531250
MyVoteSys <α=0.50, β=____, γ=0.66, First>                  5.35             0.27             0.00           NaN
MyVoteSys <α=0.50, β=____, γ=0.66, MaxVariance>            5.35             0.27             0.00           NaN
MyVoteSys <α=0.50, β=____, γ=0.66, MinEntropy>             5.35             0.27             0.00           NaN
MyVoteSys <α=0.50, β=____, γ=0.80, MinEntropy>             5.35             0.27             0.00           NaN
MyVoteSys <α=0.50, β=____, γ=0.80, MaxVariance>            5.35             0.27             0.00           NaN
MyVoteSys <α=0.50, β=____, γ=0.80, First>                  5.35             0.27             0.00           NaN
MyVoteSys <α=0.50, β=____, γ=____, First>                  5.35             0.27             0.00           NaN
MyVoteSys <α=0.50, β=____, γ=____, MinEntropy>             5.35             0.27             0.00           NaN
InstantRunoffVoting                                        5.41             0.26             0.00           NaN
PreferentialBlockVoting                                    5.41             0.26             0.00           NaN
SingleTransferableVote                                     5.41             0.26             0.00           NaN
MyVoteSys <α=0.66, β=____, γ=____, First>                  6.32             0.17             0.00           NaN
MyVoteSys <α=0.66, β=____, γ=____, MinEntropy>             6.32             0.17             0.00           NaN
MyVoteSys <α=0.66, β=____, γ=0.80, MinEntropy>             6.32             0.17             0.00           NaN
MyVoteSys <α=0.66, β=____, γ=0.80, First>                  6.32             0.17             0.00           NaN
MyVoteSys <α=0.66, β=____, γ=0.80, MaxVariance>            6.32             0.17             0.00           NaN
MyVoteSys <α=0.50, β=____, γ=0.66, MinVariance>            6.32             0.17             0.00           NaN
MyVoteSys <α=0.50, β=____, γ=0.66, MaxEntropy>             6.32             0.17             0.00           NaN
MyVoteSys <α=0.50, β=____, γ=0.66, Last>                   6.32             0.17             0.00           NaN
MyVoteSys <α=0.80, β=____, γ=____, First>                  6.84             0.09             0.00           NaN
MyVoteSys <α=0.66, β=____, γ=0.80, MaxEntropy>             6.84             0.09             0.00           NaN
MyVoteSys <α=0.50, β=____, γ=0.80, MaxEntropy>             6.84             0.09             0.00           NaN
MyVoteSys <α=0.66, β=____, γ=0.80, MinVariance>            6.84             0.09             0.00           NaN
MyVoteSys <α=0.80, β=____, γ=____, MinEntropy>             6.84             0.09             0.00           NaN
MyVoteSys <α=0.50, β=____, γ=0.80, Last>                   6.84             0.09             0.00           NaN
MyVoteSys <α=0.50, β=____, γ=0.80, MinVariance>            6.84             0.09             0.00           NaN
MyVoteSys <α=0.66, β=____, γ=0.80, Last>                   6.84             0.09             0.00           NaN
MyVoteSys <α=0.50, β=0.33, γ=0.80, Last>                   7.11             0.06             0.00           NaN
MyVoteSys <α=0.50, β=0.33, γ=0.80, MaxVariance>            7.11             0.06             0.00           NaN
MyVoteSys <α=0.50, β=0.33, γ=0.66, MinEntropy>             7.11             0.06             0.00           NaN
MyVoteSys <α=0.50, β=0.33, γ=____, MaxEntropy>             7.11             0.06             0.00           NaN
MyVoteSys <α=0.50, β=0.33, γ=____, MinEntropy>             7.11             0.06             0.00           NaN
MyVoteSys <α=0.50, β=0.33, γ=0.80, MaxEntropy>             7.11             0.06             0.00           NaN
MyVoteSys <α=0.50, β=0.33, γ=____, MinVariance>            7.11             0.06             0.00           NaN
MyVoteSys <α=0.50, β=0.33, γ=____, Last>                   7.11             0.06             0.00           NaN
MyVoteSys <α=0.50, β=0.33, γ=0.66, MaxEntropy>             7.11             0.06             0.00           NaN
MyVoteSys <α=0.50, β=0.33, γ=____, First>                  7.11             0.06             0.00           NaN
MyVoteSys <α=0.50, β=0.33, γ=0.80, MinEntropy>             7.11             0.06             0.00           NaN
MyVoteSys <α=0.50, β=0.33, γ=0.66, Last>                   7.11             0.06             0.00           NaN
MyVoteSys <α=0.50, β=0.33, γ=0.80, MinVariance>            7.11             0.06             0.00           NaN
MyVoteSys <α=0.50, β=0.33, γ=0.66, MaxVariance>            7.11             0.06             0.00           NaN
MyVoteSys <α=0.50, β=0.33, γ=0.66, MinVariance>            7.11             0.06             0.00           NaN
MyVoteSys <α=0.50, β=0.33, γ=____, MaxVariance>            7.11             0.06             0.00           NaN
MyVoteSys <α=0.50, β=0.33, γ=0.80, First>                  7.11             0.06             0.00           NaN
MyVoteSys <α=0.50, β=0.33, γ=0.66, First>                  7.11             0.06             0.00           NaN
MyVoteSys <α=0.80, β=____, γ=____, MinVariance>            7.35             0.03             0.00           NaN
MyVoteSys <α=0.66, β=____, γ=____, MinVariance>            7.35             0.03             0.00           NaN
MyVoteSys <α=0.50, β=____, γ=____, MinVariance>            7.35             0.03             0.00           NaN
MyVoteSys <α=0.50, β=____, γ=____, MaxEntropy>             7.50             0.01             0.00           NaN
MyVoteSys <α=0.50, β=____, γ=____, Last>                   7.50             0.01             0.00           NaN
MyVoteSys <α=0.66, β=____, γ=____, MaxEntropy>             7.50             0.01             0.00           NaN
MyVoteSys <α=0.80, β=____, γ=____, Last>                   7.50             0.01             0.00           NaN
MyVoteSys <α=0.66, β=____, γ=____, MaxVariance>            7.50             0.01             0.00           NaN
MyVoteSys <α=0.80, β=____, γ=____, MaxEntropy>             7.50             0.01             0.00           NaN
MyVoteSys <α=0.50, β=____, γ=____, MaxVariance>            7.50             0.01             0.00           NaN
MyVoteSys <α=0.80, β=____, γ=____, MaxVariance>            7.50             0.01             0.00           NaN
MyVoteSys <α=0.66, β=____, γ=____, Last>                   7.50             0.01             0.00           NaN
MyVoteSys <α=0.66, β=0.33, γ=____, First>                  7.57             0.00             0.00           NaN
MyVoteSys <α=0.66, β=0.33, γ=____, MinEntropy>             7.57             0.00             0.00           NaN
MyVoteSys <α=0.80, β=0.33, γ=____, MinVariance>            7.57             0.00             0.00           NaN
MyVoteSys <α=0.66, β=0.33, γ=____, MaxEntropy>             7.57             0.00             0.00           NaN
MyVoteSys <α=0.66, β=0.33, γ=____, MinVariance>            7.57             0.00             0.00           NaN
MyVoteSys <α=0.66, β=0.33, γ=____, MaxVariance>            7.57             0.00             0.00           NaN
MyVoteSys <α=0.80, β=0.33, γ=____, MaxEntropy>             7.57             0.00             0.00           NaN
MyVoteSys <α=0.66, β=0.33, γ=0.80, MinEntropy>             7.57             0.00             0.00           NaN
MyVoteSys <α=0.80, β=0.33, γ=____, First>                  7.57             0.00             0.00           NaN
MyVoteSys <α=0.80, β=0.33, γ=____, MinEntropy>             7.57             0.00             0.00           NaN
MyVoteSys <α=0.66, β=0.33, γ=0.80, MaxVariance>            7.57             0.00             0.00           NaN
MyVoteSys <α=0.80, β=0.33, γ=____, Last>                   7.57             0.00             0.00           NaN
MyVoteSys <α=0.66, β=0.33, γ=0.80, Last>                   7.57             0.00             0.00           NaN
MyVoteSys <α=0.66, β=0.33, γ=0.80, MinVariance>            7.57             0.00             0.00           NaN
MyVoteSys <α=0.66, β=0.33, γ=0.80, First>                  7.57             0.00             0.00           NaN
MyVoteSys <α=0.80, β=0.33, γ=____, MaxVariance>            7.57             0.00             0.00           NaN
MyVoteSys <α=0.66, β=0.33, γ=0.80, MaxEntropy>             7.57             0.00             0.00           NaN
MyVoteSys <α=0.66, β=0.33, γ=____, Last>                   7.57             0.00             0.00           NaN

