
===== Last Election voting process ======

Stamp Counts Table:
Candidates  1561  191  2141  2485  963  2469  1434  1446  828  297  1666  NullCandidate  2636  2618  2431  2780  2019  2235  1587   81
Stage                                                                                                                                 
0            734    2     0     0    0     0     3     1    2    8     0              0     0     0     0     0     0     0     0    0
1              8  206   304    24    5    23    40    40   30   66     0              0     0     1     0     2     0     0     1    0
2              3  171   128    32   11    61   112    77   64   83     2              3     0     1     0     0     0     0     2    0
3              2  125    92    40   32   101   106    72   68   75     7             15     0     5     0     4     1     1     4    0
4              2  110    54    63   45    94    90    76   76   48    14             43     0    18     5     2     0     2     8    0
5              1   61    53    81   58    84    61    75   74   45    40             66     1    18     3    10     4     5    10    0
6              0   37    48   100   72    68    52    59   54   53    39            116     1    15     2     6     7     8    13    0
7              0   19    30    78   45    52    69    53   49   56    68            133     1    20     8    23    12     8    22    4
8              0   12    19    67   63    49    58    52   49   46    66            142     4    33    12    31    13     9    23    2
9              0    3     6    48   58    69    52    45   56   59    88            100     7    42    15    38    18    16    26    4
10             0    1     5    36   65    40    29    88   43   56    48             54    22    52    31    47    29    34    63    7
11             0    1     3    32   68    35    29    49   30   44    59             29    24    76    38    68    39    48    61   17
12             0    2     2    36   57    32    18    30   32   32    75             22    50    60    63    58    55    50    56   20
13             0    0     1    34   61    17    10    10   32   21    66              7    68   100    65    57    65    57    53   26
14             0    0     5    31   39    12     6    11   26   22    52              7   121    70    81    54    61    64    42   46
15             0    0     0    22   30     9    10     2   28   16    31              2   109    60    74    86    68    80    41   82
16             0    0     0    18   31     3     1     5   21   11    46              1   109    66    91    70    81    81    44   71
17             0    0     0     8   10     0     2     1    5    2    28              4   119    52   137    45    80   100    60   97
18             0    0     0     0    0     1     2     2    9    4    18              2   107    47    82    56   108    73    92  147
19             0    0     0     0    0     0     0     2    2    3     3              4     7    14    43    93   109   114   129  227

Processed Vote Counts Table:
Candidates  1561  191  2141  2485  963  2469  1434  1446  828  297  1666  NullCandidate  2636  2618  2431  2780  2019  2235  1587   81
Stage                                                                                                                                 
0            734    2     0     0    0     0     3     1    2    8     0              0     0     0     0     0     0     0     0    0
1            742  208   304    24    5    23    43    41   32   74     0              0     0     1     0     2     0     0     1    0
2            745  379   432    56   16    84   155   118   96  157     2              3     0     2     0     2     0     0     3    0
3            747  504   524    96   48   185   261   190  164  232     9             18     0     7     0     6     1     1     7    0
4            749  614   578   159   93   279   351   266  240  280    23             61     0    25     5     8     1     3    15    0
5            750  675   631   240  151   363   412   341  314  325    63            127     1    43     8    18     5     8    25    0
6            750  712   679   340  223   431   464   400  368  378   102            243     2    58    10    24    12    16    38    0
7            750  731   709   418  268   483   533   453  417  434   170            376     3    78    18    47    24    24    60    4
8            750  743   728   485  331   532   591   505  466  480   236            518     7   111    30    78    37    33    83    6
9            750  746   734   533  389   601   643   550  522  539   324            618    14   153    45   116    55    49   109   10
10           750  747   739   569  454   641   672   638  565  595   372            672    36   205    76   163    84    83   172   17
11           750  748   742   601  522   676   701   687  595  639   431            701    60   281   114   231   123   131   233   34
12           750  750   744   637  579   708   719   717  627  671   506            723   110   341   177   289   178   181   289   54
13           750  750   745   671  640   725   729   727  659  692   572            730   178   441   242   346   243   238   342   80
14           750  750   750   702  679   737   735   738  685  714   624            737   299   511   323   400   304   302   384  126
15           750  750   750   724  709   746   745   740  713  730   655            739   408   571   397   486   372   382   425  208
16           750  750   750   742  740   749   746   745  734  741   701            740   517   637   488   556   453   463   469  279
17           750  750   750   750  750   749   748   746  739  743   729            744   636   689   625   601   533   563   529  376
18           750  750   750   750  750   750   750   748  748  747   747            746   743   736   707   657   641   636   621  523
19           750  750   750   750  750   750   750   750  750  750   750            750   750   750   750   750   750   750   750  750

Score(%) of Candidates Table:
Candidates        1561         191        2141        2485         963        2469        1434        1446         828         297        1666  NullCandidate        2636        2618        2431        2780        2019        2235        1587          81
Stage                                                                                                                                                                                                                                                        
0            97.866667    0.266667    0.000000    0.000000    0.000000    0.000000    0.400000    0.133333    0.266667    1.066667    0.000000       0.000000    0.000000    0.000000    0.000000    0.000000    0.000000    0.000000    0.000000    0.000000
1            98.933333   27.733333   40.533333    3.200000    0.666667    3.066667    5.733333    5.466667    4.266667    9.866667    0.000000       0.000000    0.000000    0.133333    0.000000    0.266667    0.000000    0.000000    0.133333    0.000000
2            99.333333   50.533333   57.600000    7.466667    2.133333   11.200000   20.666667   15.733333   12.800000   20.933333    0.266667       0.400000    0.000000    0.266667    0.000000    0.266667    0.000000    0.000000    0.400000    0.000000
3            99.600000   67.200000   69.866667   12.800000    6.400000   24.666667   34.800000   25.333333   21.866667   30.933333    1.200000       2.400000    0.000000    0.933333    0.000000    0.800000    0.133333    0.133333    0.933333    0.000000
4            99.866667   81.866667   77.066667   21.200000   12.400000   37.200000   46.800000   35.466667   32.000000   37.333333    3.066667       8.133333    0.000000    3.333333    0.666667    1.066667    0.133333    0.400000    2.000000    0.000000
5           100.000000   90.000000   84.133333   32.000000   20.133333   48.400000   54.933333   45.466667   41.866667   43.333333    8.400000      16.933333    0.133333    5.733333    1.066667    2.400000    0.666667    1.066667    3.333333    0.000000
6           100.000000   94.933333   90.533333   45.333333   29.733333   57.466667   61.866667   53.333333   49.066667   50.400000   13.600000      32.400000    0.266667    7.733333    1.333333    3.200000    1.600000    2.133333    5.066667    0.000000
7           100.000000   97.466667   94.533333   55.733333   35.733333   64.400000   71.066667   60.400000   55.600000   57.866667   22.666667      50.133333    0.400000   10.400000    2.400000    6.266667    3.200000    3.200000    8.000000    0.533333
8           100.000000   99.066667   97.066667   64.666667   44.133333   70.933333   78.800000   67.333333   62.133333   64.000000   31.466667      69.066667    0.933333   14.800000    4.000000   10.400000    4.933333    4.400000   11.066667    0.800000
9           100.000000   99.466667   97.866667   71.066667   51.866667   80.133333   85.733333   73.333333   69.600000   71.866667   43.200000      82.400000    1.866667   20.400000    6.000000   15.466667    7.333333    6.533333   14.533333    1.333333
10          100.000000   99.600000   98.533333   75.866667   60.533333   85.466667   89.600000   85.066667   75.333333   79.333333   49.600000      89.600000    4.800000   27.333333   10.133333   21.733333   11.200000   11.066667   22.933333    2.266667
11          100.000000   99.733333   98.933333   80.133333   69.600000   90.133333   93.466667   91.600000   79.333333   85.200000   57.466667      93.466667    8.000000   37.466667   15.200000   30.800000   16.400000   17.466667   31.066667    4.533333
12          100.000000  100.000000   99.200000   84.933333   77.200000   94.400000   95.866667   95.600000   83.600000   89.466667   67.466667      96.400000   14.666667   45.466667   23.600000   38.533333   23.733333   24.133333   38.533333    7.200000
13          100.000000  100.000000   99.333333   89.466667   85.333333   96.666667   97.200000   96.933333   87.866667   92.266667   76.266667      97.333333   23.733333   58.800000   32.266667   46.133333   32.400000   31.733333   45.600000   10.666667
14          100.000000  100.000000  100.000000   93.600000   90.533333   98.266667   98.000000   98.400000   91.333333   95.200000   83.200000      98.266667   39.866667   68.133333   43.066667   53.333333   40.533333   40.266667   51.200000   16.800000
15          100.000000  100.000000  100.000000   96.533333   94.533333   99.466667   99.333333   98.666667   95.066667   97.333333   87.333333      98.533333   54.400000   76.133333   52.933333   64.800000   49.600000   50.933333   56.666667   27.733333
16          100.000000  100.000000  100.000000   98.933333   98.666667   99.866667   99.466667   99.333333   97.866667   98.800000   93.466667      98.666667   68.933333   84.933333   65.066667   74.133333   60.400000   61.733333   62.533333   37.200000
17          100.000000  100.000000  100.000000  100.000000  100.000000   99.866667   99.733333   99.466667   98.533333   99.066667   97.200000      99.200000   84.800000   91.866667   83.333333   80.133333   71.066667   75.066667   70.533333   50.133333
18          100.000000  100.000000  100.000000  100.000000  100.000000  100.000000  100.000000   99.733333   99.733333   99.600000   99.600000      99.466667   99.066667   98.133333   94.266667   87.600000   85.466667   84.800000   82.800000   69.733333
19          100.000000  100.000000  100.000000  100.000000  100.000000  100.000000  100.000000  100.000000  100.000000  100.000000  100.000000     100.000000  100.000000  100.000000  100.000000  100.000000  100.000000  100.000000  100.000000  100.000000

                                                 winner  winStage                                                         validStages
algorithm                                                                                                                            
InstantRunoffVoting                                1561       NaN                                                                 NaN
SingleTransferableVote                             1561       NaN                                                                 NaN
PreferentialBlockVoting                            1561       NaN                                                                 NaN
FirstPastThePost (but without tactical voting)     1561       NaN                                                                 NaN
MyVoteSys <α=0.50, β=____, γ=____, First>          1561       0.0  [0, 1, 2, 3, 4, 5, 6, 7, 8, 9, 10, 11, 12, 13, 14, 15, 16, 17, 18]
MyVoteSys <α=0.50, β=____, γ=____, Last>           1561      18.0  [0, 1, 2, 3, 4, 5, 6, 7, 8, 9, 10, 11, 12, 13, 14, 15, 16, 17, 18]
MyVoteSys <α=0.50, β=____, γ=____, MinEntropy>     1561       0.0  [0, 1, 2, 3, 4, 5, 6, 7, 8, 9, 10, 11, 12, 13, 14, 15, 16, 17, 18]
MyVoteSys <α=0.50, β=____, γ=____, MaxEntropy>     1561      18.0  [0, 1, 2, 3, 4, 5, 6, 7, 8, 9, 10, 11, 12, 13, 14, 15, 16, 17, 18]
MyVoteSys <α=0.50, β=____, γ=____, MinVariance>    1561       9.0  [0, 1, 2, 3, 4, 5, 6, 7, 8, 9, 10, 11, 12, 13, 14, 15, 16, 17, 18]
MyVoteSys <α=0.50, β=____, γ=____, MaxVariance>    1561      18.0  [0, 1, 2, 3, 4, 5, 6, 7, 8, 9, 10, 11, 12, 13, 14, 15, 16, 17, 18]
MyVoteSys <α=0.50, β=____, γ=0.66, First>          1561       0.0                                                                 [0]
MyVoteSys <α=0.50, β=____, γ=0.66, Last>           1561       0.0                                                                 [0]
MyVoteSys <α=0.50, β=____, γ=0.66, MinEntropy>     1561       0.0                                                                 [0]
MyVoteSys <α=0.50, β=____, γ=0.66, MaxEntropy>     1561       0.0                                                                 [0]
MyVoteSys <α=0.50, β=____, γ=0.66, MinVariance>    1561       0.0                                                                 [0]
MyVoteSys <α=0.50, β=____, γ=0.66, MaxVariance>    1561       0.0                                                                 [0]
MyVoteSys <α=0.50, β=____, γ=0.80, First>          1561       0.0                                                                 [0]
MyVoteSys <α=0.50, β=____, γ=0.80, Last>           1561       0.0                                                                 [0]
MyVoteSys <α=0.50, β=____, γ=0.80, MinEntropy>     1561       0.0                                                                 [0]
MyVoteSys <α=0.50, β=____, γ=0.80, MaxEntropy>     1561       0.0                                                                 [0]
MyVoteSys <α=0.50, β=____, γ=0.80, MinVariance>    1561       0.0                                                                 [0]
MyVoteSys <α=0.50, β=____, γ=0.80, MaxVariance>    1561       0.0                                                                 [0]
MyVoteSys <α=0.50, β=0.33, γ=____, First>          1561       0.0                                               [0, 1, 2, 3, 4, 5, 6]
MyVoteSys <α=0.50, β=0.33, γ=____, Last>           1561       6.0                                               [0, 1, 2, 3, 4, 5, 6]
MyVoteSys <α=0.50, β=0.33, γ=____, MinEntropy>     1561       0.0                                               [0, 1, 2, 3, 4, 5, 6]
MyVoteSys <α=0.50, β=0.33, γ=____, MaxEntropy>     1561       6.0                                               [0, 1, 2, 3, 4, 5, 6]
MyVoteSys <α=0.50, β=0.33, γ=____, MinVariance>    1561       6.0                                               [0, 1, 2, 3, 4, 5, 6]
MyVoteSys <α=0.50, β=0.33, γ=____, MaxVariance>    1561       0.0                                               [0, 1, 2, 3, 4, 5, 6]
MyVoteSys <α=0.50, β=0.33, γ=0.66, First>          1561       0.0                                                                 [0]
MyVoteSys <α=0.50, β=0.33, γ=0.66, Last>           1561       0.0                                                                 [0]
MyVoteSys <α=0.50, β=0.33, γ=0.66, MinEntropy>     1561       0.0                                                                 [0]
MyVoteSys <α=0.50, β=0.33, γ=0.66, MaxEntropy>     1561       0.0                                                                 [0]
MyVoteSys <α=0.50, β=0.33, γ=0.66, MinVariance>    1561       0.0                                                                 [0]
MyVoteSys <α=0.50, β=0.33, γ=0.66, MaxVariance>    1561       0.0                                                                 [0]
MyVoteSys <α=0.50, β=0.33, γ=0.80, First>          1561       0.0                                                                 [0]
MyVoteSys <α=0.50, β=0.33, γ=0.80, Last>           1561       0.0                                                                 [0]
MyVoteSys <α=0.50, β=0.33, γ=0.80, MinEntropy>     1561       0.0                                                                 [0]
MyVoteSys <α=0.50, β=0.33, γ=0.80, MaxEntropy>     1561       0.0                                                                 [0]
MyVoteSys <α=0.50, β=0.33, γ=0.80, MinVariance>    1561       0.0                                                                 [0]
MyVoteSys <α=0.50, β=0.33, γ=0.80, MaxVariance>    1561       0.0                                                                 [0]
MyVoteSys <α=0.66, β=____, γ=____, First>          1561       0.0  [0, 1, 2, 3, 4, 5, 6, 7, 8, 9, 10, 11, 12, 13, 14, 15, 16, 17, 18]
MyVoteSys <α=0.66, β=____, γ=____, Last>           1561      18.0  [0, 1, 2, 3, 4, 5, 6, 7, 8, 9, 10, 11, 12, 13, 14, 15, 16, 17, 18]
MyVoteSys <α=0.66, β=____, γ=____, MinEntropy>     1561       0.0  [0, 1, 2, 3, 4, 5, 6, 7, 8, 9, 10, 11, 12, 13, 14, 15, 16, 17, 18]
MyVoteSys <α=0.66, β=____, γ=____, MaxEntropy>     1561      18.0  [0, 1, 2, 3, 4, 5, 6, 7, 8, 9, 10, 11, 12, 13, 14, 15, 16, 17, 18]
MyVoteSys <α=0.66, β=____, γ=____, MinVariance>    1561       9.0  [0, 1, 2, 3, 4, 5, 6, 7, 8, 9, 10, 11, 12, 13, 14, 15, 16, 17, 18]
MyVoteSys <α=0.66, β=____, γ=____, MaxVariance>    1561      18.0  [0, 1, 2, 3, 4, 5, 6, 7, 8, 9, 10, 11, 12, 13, 14, 15, 16, 17, 18]
MyVoteSys <α=0.66, β=____, γ=0.80, First>          1561       0.0                                                                 [0]
MyVoteSys <α=0.66, β=____, γ=0.80, Last>           1561       0.0                                                                 [0]
MyVoteSys <α=0.66, β=____, γ=0.80, MinEntropy>     1561       0.0                                                                 [0]
MyVoteSys <α=0.66, β=____, γ=0.80, MaxEntropy>     1561       0.0                                                                 [0]
MyVoteSys <α=0.66, β=____, γ=0.80, MinVariance>    1561       0.0                                                                 [0]
MyVoteSys <α=0.66, β=____, γ=0.80, MaxVariance>    1561       0.0                                                                 [0]
MyVoteSys <α=0.66, β=0.33, γ=____, First>          1561       0.0                                               [0, 1, 2, 3, 4, 5, 6]
MyVoteSys <α=0.66, β=0.33, γ=____, Last>           1561       6.0                                               [0, 1, 2, 3, 4, 5, 6]
MyVoteSys <α=0.66, β=0.33, γ=____, MinEntropy>     1561       0.0                                               [0, 1, 2, 3, 4, 5, 6]
MyVoteSys <α=0.66, β=0.33, γ=____, MaxEntropy>     1561       6.0                                               [0, 1, 2, 3, 4, 5, 6]
MyVoteSys <α=0.66, β=0.33, γ=____, MinVariance>    1561       6.0                                               [0, 1, 2, 3, 4, 5, 6]
MyVoteSys <α=0.66, β=0.33, γ=____, MaxVariance>    1561       0.0                                               [0, 1, 2, 3, 4, 5, 6]
MyVoteSys <α=0.66, β=0.33, γ=0.80, First>          1561       0.0                                                                 [0]
MyVoteSys <α=0.66, β=0.33, γ=0.80, Last>           1561       0.0                                                                 [0]
MyVoteSys <α=0.66, β=0.33, γ=0.80, MinEntropy>     1561       0.0                                                                 [0]
MyVoteSys <α=0.66, β=0.33, γ=0.80, MaxEntropy>     1561       0.0                                                                 [0]
MyVoteSys <α=0.66, β=0.33, γ=0.80, MinVariance>    1561       0.0                                                                 [0]
MyVoteSys <α=0.66, β=0.33, γ=0.80, MaxVariance>    1561       0.0                                                                 [0]
MyVoteSys <α=0.80, β=____, γ=____, First>          1561       0.0  [0, 1, 2, 3, 4, 5, 6, 7, 8, 9, 10, 11, 12, 13, 14, 15, 16, 17, 18]
MyVoteSys <α=0.80, β=____, γ=____, Last>           1561      18.0  [0, 1, 2, 3, 4, 5, 6, 7, 8, 9, 10, 11, 12, 13, 14, 15, 16, 17, 18]
MyVoteSys <α=0.80, β=____, γ=____, MinEntropy>     1561       0.0  [0, 1, 2, 3, 4, 5, 6, 7, 8, 9, 10, 11, 12, 13, 14, 15, 16, 17, 18]
MyVoteSys <α=0.80, β=____, γ=____, MaxEntropy>     1561      18.0  [0, 1, 2, 3, 4, 5, 6, 7, 8, 9, 10, 11, 12, 13, 14, 15, 16, 17, 18]
MyVoteSys <α=0.80, β=____, γ=____, MinVariance>    1561       9.0  [0, 1, 2, 3, 4, 5, 6, 7, 8, 9, 10, 11, 12, 13, 14, 15, 16, 17, 18]
MyVoteSys <α=0.80, β=____, γ=____, MaxVariance>    1561      18.0  [0, 1, 2, 3, 4, 5, 6, 7, 8, 9, 10, 11, 12, 13, 14, 15, 16, 17, 18]
MyVoteSys <α=0.80, β=0.33, γ=____, First>          1561       0.0                                               [0, 1, 2, 3, 4, 5, 6]
MyVoteSys <α=0.80, β=0.33, γ=____, Last>           1561       6.0                                               [0, 1, 2, 3, 4, 5, 6]
MyVoteSys <α=0.80, β=0.33, γ=____, MinEntropy>     1561       0.0                                               [0, 1, 2, 3, 4, 5, 6]
MyVoteSys <α=0.80, β=0.33, γ=____, MaxEntropy>     1561       6.0                                               [0, 1, 2, 3, 4, 5, 6]
MyVoteSys <α=0.80, β=0.33, γ=____, MinVariance>    1561       6.0                                               [0, 1, 2, 3, 4, 5, 6]
MyVoteSys <α=0.80, β=0.33, γ=____, MaxVariance>    1561       0.0                                               [0, 1, 2, 3, 4, 5, 6]
bestVoter (Dictatorship)                           1561       NaN                                                                 NaN
crowd-Mean                                         1561       NaN                                                                 NaN
crowd-Median                                       1561       NaN                                                                 NaN 

Last Election Candidates:
                        y
Candidates               
81            -157.780424
2780          -152.904098
2019          -148.186920
2636          -138.601416
2235          -134.784524
2618          -109.366431
2431          -107.424865
1587          -101.307141
1666           -93.326973
963            -24.205693
1446           -20.206148
NullCandidate   -3.467414
2485            -2.840777
828             -2.810752
297              7.039500
2469            18.654574
1434            24.723579
191             56.071820
2141            73.934551
1561           268.266151

Voters Validation Mean Squared Error:
[10439.75, 9292.21, 10761.76, 10213.56, 11547.25, 9466.61, 7661.85, 7552.28, 10760.47, 14315.26, 11526.13, 10208.95, 10456.45, 13233.09, 11054.57, 7909.3, 7928.75, 8060.07, 10173.15, 13040.02, 10493.02, 12312.83, 8559.01, 7918.6, 11800.54, 8271.68, 8371.34, 8429.75, 7188.41, 9229.13, 12990.05, 7900.33, 7945.5, 10150.45, 12320.62, 8707.34, 9852.82, 11068.14, 11201.52, 9166.81, 10315.27, 12734.8, 8768.99, 5123.84, 9096.39, 15997.94, 6428.33, 10190.0, 5737.77, 7799.87, 16314.64, 8306.78, 9899.14, 8951.86, 11823.74, 7467.09, 8849.69, 10243.85, 16561.2, 11849.22, 11598.2, 14470.63, 9809.79, 8127.0, 6363.21, 10389.61, 9429.54, 7311.27, 6267.84, 7368.39, 4353.0, 9726.45, 10285.33, 16892.79, 6722.29, 9647.1, 11346.71, 10008.2, 8756.38, 8541.1, 12240.05, 9907.23, 11271.19, 9152.11, 14024.58, 11925.21, 10539.0, 10533.1, 10049.47, 9006.88, 8203.28, 11934.7, 14739.95, 8785.01, 10783.36, 9065.95, 8439.32, 10815.74, 8931.87, 12600.94, 8029.48, 10160.69, 11661.78, 14684.06, 11482.98, 8831.09, 12528.02, 8455.83, 9449.1, 9166.23, 10335.71, 4851.37, 8411.22, 9954.1, 10123.97, 11900.17, 12097.18, 8887.69, 8328.05, 6771.35, 11811.64, 13610.03, 7356.82, 10872.04, 5455.5, 12194.89, 14241.02, 9328.06, 8508.77, 11620.34, 14612.66, 9791.05, 7993.82, 10420.58, 10573.38, 10165.99, 7942.31, 6386.37, 10032.03, 11819.01, 7100.44, 12796.4, 4424.47, 12467.41, 13347.52, 6308.52, 6594.07, 11881.79, 13078.75, 12411.37, 5519.47, 10357.31, 9103.35, 5936.79, 13748.58, 9063.86, 9096.46, 12162.45, 9024.61, 12242.15, 12365.0, 13834.1, 10573.72, 7802.23, 3945.75, 7454.11, 6972.62, 8871.38, 11427.26, 8460.26, 9703.42, 11091.64, 8585.3, 5377.46, 12207.83, 5744.86, 13220.65, 9877.82, 9377.62, 12556.04, 9658.2, 9983.74, 10398.63, 7685.84, 8834.33, 9381.3, 10730.37, 8898.67, 7388.78, 5710.0, 11514.28, 6884.17, 11598.18, 9774.35, 12030.21, 10495.94, 12166.23, 6536.56, 10119.39, 13729.42, 10084.74, 7622.91, 8248.7, 11516.85, 9622.64, 8784.83, 12502.2, 8151.79, 10754.16, 12038.56, 8986.38, 10518.36, 9120.13, 10751.36, 10302.36, 12914.03, 6843.11, 10975.56, 10083.09, 8541.13, 11422.83, 4739.38, 8930.98, 11693.78, 4866.47, 12331.67, 11899.56, 9453.12, 7767.15, 9700.49, 10274.48, 9711.63, 10393.19, 4939.77, 8250.15, 10096.79, 10687.1, 9967.88, 4433.73, 12658.16, 8024.28, 13706.54, 11640.98, 5481.9, 9342.51, 9495.7, 10426.24, 10272.15, 8802.23, 7808.65, 8463.62, 8571.3, 9226.84, 8321.74, 10363.03, 10939.52, 6505.11, 6929.99, 10669.71, 4650.91, 8369.73, 9059.64, 12299.51, 6537.19, 10967.69, 9685.81, 11896.11, 13513.14, 9843.36, 14428.44, 8728.6, 11850.49, 8101.63, 9679.22, 9432.34, 8019.13, 13716.18, 11503.62, 13531.43, 6141.96, 12954.57, 10435.96, 11818.78, 7785.64, 11946.61, 6346.68, 5985.92, 8269.06, 13768.93, 6387.17, 5323.55, 10126.16, 6540.16, 4667.84, 6041.47, 15755.24, 10377.43, 11987.51, 12522.71, 9446.02, 6720.29, 15495.12, 11614.96, 7720.21, 7500.67, 9554.83, 9038.99, 10554.21, 12120.4, 11898.55, 6993.4, 8148.86, 7845.02, 8302.7, 7861.0, 12677.26, 12090.72, 10174.83, 12417.69, 11632.01, 9167.07, 11003.02, 10575.52, 9753.12, 12297.65, 5574.9, 12124.59, 8172.73, 6902.36, 8309.99, 7288.93, 8810.2, 13873.24, 8568.43, 8825.61, 11322.46, 9234.89, 13162.77, 4283.01, 10608.41, 13871.73, 9909.53, 11653.67, 11119.91, 11676.64, 10026.87, 10081.51, 9263.59, 7125.79, 10471.41, 7782.66, 9696.06, 7648.95, 11753.8, 8777.25, 8413.77, 10852.76, 8980.25, 4459.34, 13770.49, 8172.41, 7099.42, 8571.69, 11043.43, 7717.13, 10532.34, 10934.12, 6596.89, 13937.21, 6799.53, 8519.64, 6395.5, 12439.91, 6801.25, 10819.38, 4120.86, 12818.71, 7148.84, 8232.84, 9948.18, 12206.83, 5490.97, 6494.69, 11876.02, 6455.53, 12807.25, 10435.8, 5647.7, 9092.68, 11643.96, 5384.53, 7888.83, 7318.26, 9456.46, 8040.97, 5548.51, 8023.46, 5789.58, 5139.74, 11397.04, 8663.64, 11086.45, 9143.21, 7782.4, 10713.2, 10404.5, 6364.44, 9084.34, 8538.08, 11030.05, 10967.65, 8953.8, 8767.3, 9033.01, 10204.99, 6967.14, 6214.52, 9239.34, 11585.36, 7412.42, 12343.78, 9325.11, 11308.66, 11236.94, 10460.42, 12983.38, 15016.74, 10248.49, 11673.2, 12517.75, 13382.99, 11031.0, 8612.59, 8820.72, 11975.41, 12507.03, 7624.06, 9193.17, 11019.58, 12106.71, 8556.23, 10898.63, 13070.82, 14939.04, 8717.14, 10214.64, 10380.94, 13987.8, 13004.66, 13498.68, 9486.2, 8044.67, 9259.28, 14149.16, 6545.78, 5804.68, 15709.38, 8604.38, 13900.5, 11734.59, 10251.77, 6634.55, 10642.66, 5533.08, 10923.34, 11295.02, 13879.18, 7714.65, 10099.31, 8392.62, 10015.62, 7806.02, 14567.52, 12791.19, 9376.2, 11134.8, 9205.49, 11396.89, 8499.37, 11883.76, 9434.16, 11286.56, 8909.43, 9477.2, 9287.41, 13288.58, 13452.18, 8670.94, 11066.92, 4118.4, 7581.54, 9293.1, 12426.83, 11844.74, 13089.63, 12361.1, 10205.06, 8115.03, 12753.79, 9208.3, 3134.12, 7811.06, 8408.61, 5356.1, 12612.77, 11024.9, 4435.84, 10223.31, 10559.52, 10083.26, 7892.19, 13931.81, 8760.09, 9830.61, 4717.86, 13999.66, 11798.43, 4297.77, 6890.27, 7370.18, 10523.07, 8901.55, 8310.32, 11368.64, 10375.24, 9009.9, 10284.72, 15671.49, 7197.06, 9951.74, 7784.28, 6245.81, 11154.48, 12235.64, 12217.61, 9534.32, 8193.5, 13545.01, 16954.47, 10979.12, 11936.88, 3919.96, 6768.41, 9076.93, 11875.76, 12275.6, 4615.68, 9534.54, 15456.08, 8709.24, 9033.45, 12639.25, 11295.78, 7910.67, 9005.45, 11966.6, 11358.44, 6587.75, 10610.37, 10092.04, 7256.04, 9585.64, 8882.75, 16447.52, 9830.31, 11529.3, 13607.67, 13292.3, 16340.95, 13094.18, 6318.3, 9845.75, 13323.95, 9346.08, 9615.09, 6734.12, 8905.05, 11766.13, 5430.52, 11656.63, 8531.16, 10443.95, 8639.38, 9587.16, 11337.08, 9274.66, 13629.9, 9310.48, 12731.96, 11879.43, 13009.07, 12114.17, 8996.36, 9827.59, 8517.24, 14333.41, 7420.6, 10288.22, 10623.61, 11269.29, 7346.44, 10969.59, 4763.75, 11633.52, 7583.05, 12423.55, 9779.7, 10071.75, 11184.95, 8153.79, 8274.85, 12241.59, 13594.05, 12124.25, 9659.35, 11462.63, 8437.33, 9637.25, 8810.4, 10635.06, 15490.44, 10565.32, 7816.06, 5586.56, 5451.8, 11328.15, 15873.19, 9732.48, 9381.18, 14621.7, 4012.88, 9013.87, 7847.12, 9613.74, 8948.72, 10308.65, 9974.17, 5820.43, 7155.57, 8876.84, 8221.25, 8238.36, 5337.7, 8915.75, 13256.44, 10195.0, 10316.19, 13576.89, 8338.56, 10136.71, 7498.41, 10029.25, 6901.47, 13585.76, 9987.74, 12924.59, 6689.98, 9453.99, 6624.74, 6668.16, 12265.22, 9426.75, 10053.76, 9922.0, 6997.5, 12294.62, 7902.72, 12901.93, 8392.15, 11393.29, 5713.11, 12147.73, 11031.61, 8239.88, 8522.91, 8840.87, 10123.92, 9184.74, 10993.86, 10704.37, 6192.06, 11128.77, 7527.69, 6280.33, 10125.97, 10284.26, 8901.01, 12854.51, 9969.0, 13141.57, 11247.43, 8848.09, 6468.79, 7468.26, 9123.9, 11364.89, 13837.39, 10735.36, 9589.32, 8047.42, 12271.72, 11873.99, 8493.0, 10941.3, 5980.21, 6551.68, 7305.76, 6293.35, 3758.63, 10872.3, 7399.57, 6708.44, 13456.49, 6821.83, 13001.87, 9068.23, 9472.75, 8393.36, 8904.19, 11446.9, 8369.26, 8777.79, 12186.62, 6927.73, 14397.96, 6350.23, 3690.67, 10765.57, 9656.65, 5979.31, 8507.4, 14444.46, 6448.73, 10768.82, 5338.84, 8215.97, 11970.69, 6909.99, 9487.61, 13393.43, 9038.9, 12118.08, 7779.46, 7781.68, 10983.65, 8763.51, 6260.07, 6760.85, 9870.24, 8748.88]

Voters Validation Mean Error:
[102.18, 96.4, 103.74, 101.06, 107.46, 97.3, 87.53, 86.9, 103.73, 119.65, 107.36, 101.04, 102.26, 115.04, 105.14, 88.93, 89.04, 89.78, 100.86, 114.19, 102.44, 110.96, 92.51, 88.99, 108.63, 90.95, 91.5, 91.81, 84.78, 96.07, 113.97, 88.88, 89.14, 100.75, 111.0, 93.31, 99.26, 105.21, 105.84, 95.74, 101.56, 112.85, 93.64, 71.58, 95.38, 126.48, 80.18, 100.95, 75.75, 88.32, 127.73, 91.14, 99.49, 94.61, 108.74, 86.41, 94.07, 101.21, 128.69, 108.85, 107.69, 120.29, 99.04, 90.15, 79.77, 101.93, 97.11, 85.51, 79.17, 85.84, 65.98, 98.62, 101.42, 129.97, 81.99, 98.22, 106.52, 100.04, 93.58, 92.42, 110.63, 99.54, 106.17, 95.67, 118.43, 109.2, 102.66, 102.63, 100.25, 94.9, 90.57, 109.25, 121.41, 93.73, 103.84, 95.22, 91.87, 104.0, 94.51, 112.25, 89.61, 100.8, 107.99, 121.18, 107.16, 93.97, 111.93, 91.96, 97.21, 95.74, 101.66, 69.65, 91.71, 99.77, 100.62, 109.09, 109.99, 94.27, 91.26, 82.29, 108.68, 116.66, 85.77, 104.27, 73.86, 110.43, 119.34, 96.58, 92.24, 107.8, 120.88, 98.95, 89.41, 102.08, 102.83, 100.83, 89.12, 79.91, 100.16, 108.72, 84.26, 113.12, 66.52, 111.66, 115.53, 79.43, 81.2, 109.0, 114.36, 111.41, 74.29, 101.77, 95.41, 77.05, 117.25, 95.2, 95.38, 110.28, 95.0, 110.64, 111.2, 117.62, 102.83, 88.33, 62.82, 86.34, 83.5, 94.19, 106.9, 91.98, 98.51, 105.32, 92.66, 73.33, 110.49, 75.79, 114.98, 99.39, 96.84, 112.05, 98.28, 99.92, 101.97, 87.67, 93.99, 96.86, 103.59, 94.33, 85.96, 75.56, 107.3, 82.97, 107.69, 98.87, 109.68, 102.45, 110.3, 80.85, 100.6, 117.17, 100.42, 87.31, 90.82, 107.32, 98.1, 93.73, 111.81, 90.29, 103.7, 109.72, 94.8, 102.56, 95.5, 103.69, 101.5, 113.64, 82.72, 104.76, 100.41, 92.42, 106.88, 68.84, 94.5, 108.14, 69.76, 111.05, 109.09, 97.23, 88.13, 98.49, 101.36, 98.55, 101.95, 70.28, 90.83, 100.48, 103.38, 99.84, 66.59, 112.51, 89.58, 117.07, 107.89, 74.04, 96.66, 97.45, 102.11, 101.35, 93.82, 88.37, 92.0, 92.58, 96.06, 91.22, 101.8, 104.59, 80.65, 83.25, 103.29, 68.2, 91.49, 95.18, 110.9, 80.85, 104.73, 98.42, 109.07, 116.25, 99.21, 120.12, 93.43, 108.86, 90.01, 98.38, 97.12, 89.55, 117.12, 107.25, 116.32, 78.37, 113.82, 102.16, 108.71, 88.24, 109.3, 79.67, 77.37, 90.93, 117.34, 79.92, 72.96, 100.63, 80.87, 68.32, 77.73, 125.52, 101.87, 109.49, 111.9, 97.19, 81.98, 124.48, 107.77, 87.86, 86.61, 97.75, 95.07, 102.73, 110.09, 109.08, 83.63, 90.27, 88.57, 91.12, 88.66, 112.59, 109.96, 100.87, 111.43, 107.85, 95.74, 104.9, 102.84, 98.76, 110.89, 74.67, 110.11, 90.4, 83.08, 91.16, 85.38, 93.86, 117.78, 92.57, 93.94, 106.41, 96.1, 114.73, 65.44, 103.0, 117.78, 99.55, 107.95, 105.45, 108.06, 100.13, 100.41, 96.25, 84.41, 102.33, 88.22, 98.47, 87.46, 108.41, 93.69, 91.73, 104.18, 94.76, 66.78, 117.35, 90.4, 84.26, 92.58, 105.09, 87.85, 102.63, 104.57, 81.22, 118.06, 82.46, 92.3, 79.97, 111.53, 82.47, 104.02, 64.19, 113.22, 84.55, 90.74, 99.74, 110.48, 74.1, 80.59, 108.98, 80.35, 113.17, 102.16, 75.15, 95.36, 107.91, 73.38, 88.82, 85.55, 97.24, 89.67, 74.49, 89.57, 76.09, 71.69, 106.76, 93.08, 105.29, 95.62, 88.22, 103.5, 102.0, 79.78, 95.31, 92.4, 105.02, 104.73, 94.62, 93.63, 95.04, 101.02, 83.47, 78.83, 96.12, 107.64, 86.1, 111.1, 96.57, 106.34, 106.0, 102.28, 113.94, 122.54, 101.23, 108.04, 111.88, 115.68, 105.03, 92.8, 93.92, 109.43, 111.83, 87.32, 95.88, 104.97, 110.03, 92.5, 104.4, 114.33, 122.23, 93.37, 101.07, 101.89, 118.27, 114.04, 116.18, 97.4, 89.69, 96.23, 118.95, 80.91, 76.19, 125.34, 92.76, 117.9, 108.33, 101.25, 81.45, 103.16, 74.38, 104.51, 106.28, 117.81, 87.83, 100.5, 91.61, 100.08, 88.35, 120.7, 113.1, 96.83, 105.52, 95.95, 106.76, 92.19, 109.01, 97.13, 106.24, 94.39, 97.35, 96.37, 115.28, 115.98, 93.12, 105.2, 64.17, 87.07, 96.4, 111.48, 108.83, 114.41, 111.18, 101.02, 90.08, 112.93, 95.96, 55.98, 88.38, 91.7, 73.19, 112.31, 105.0, 66.6, 101.11, 102.76, 100.42, 88.84, 118.03, 93.6, 99.15, 68.69, 118.32, 108.62, 65.56, 83.01, 85.85, 102.58, 94.35, 91.16, 106.62, 101.86, 94.92, 101.41, 125.19, 84.84, 99.76, 88.23, 79.03, 105.61, 110.61, 110.53, 97.64, 90.52, 116.38, 130.21, 104.78, 109.26, 62.61, 82.27, 95.27, 108.98, 110.8, 67.94, 97.64, 124.32, 93.32, 95.04, 112.42, 106.28, 88.94, 94.9, 109.39, 106.58, 81.16, 103.01, 100.46, 85.18, 97.91, 94.25, 128.25, 99.15, 107.37, 116.65, 115.29, 127.83, 114.43, 79.49, 99.23, 115.43, 96.68, 98.06, 82.06, 94.37, 108.47, 73.69, 107.97, 92.36, 102.2, 92.95, 97.91, 106.48, 96.31, 116.75, 96.49, 112.84, 108.99, 114.06, 110.06, 94.85, 99.13, 92.29, 119.72, 86.14, 101.43, 103.07, 106.16, 85.71, 104.74, 69.02, 107.86, 87.08, 111.46, 98.89, 100.36, 105.76, 90.3, 90.97, 110.64, 116.59, 110.11, 98.28, 107.06, 91.85, 98.17, 93.86, 103.13, 124.46, 102.79, 88.41, 74.74, 73.84, 106.43, 125.99, 98.65, 96.86, 120.92, 63.35, 94.94, 88.58, 98.05, 94.6, 101.53, 99.87, 76.29, 84.59, 94.22, 90.67, 90.77, 73.06, 94.42, 115.14, 100.97, 101.57, 116.52, 91.32, 100.68, 86.59, 100.15, 83.08, 116.56, 99.94, 113.69, 81.79, 97.23, 81.39, 81.66, 110.75, 97.09, 100.27, 99.61, 83.65, 110.88, 88.9, 113.59, 91.61, 106.74, 75.59, 110.22, 105.03, 90.77, 92.32, 94.03, 100.62, 95.84, 104.85, 103.46, 78.69, 105.49, 86.76, 79.25, 100.63, 101.41, 94.35, 113.38, 99.84, 114.64, 106.05, 94.06, 80.43, 86.42, 95.52, 106.61, 117.63, 103.61, 97.93, 89.71, 110.78, 108.97, 92.16, 104.6, 77.33, 80.94, 85.47, 79.33, 61.31, 104.27, 86.02, 81.91, 116.0, 82.59, 114.03, 95.23, 97.33, 91.62, 94.36, 106.99, 91.48, 93.69, 110.39, 83.23, 119.99, 79.69, 60.75, 103.76, 98.27, 77.33, 92.24, 120.19, 80.3, 103.77, 73.07, 90.64, 109.41, 83.13, 97.4, 115.73, 95.07, 110.08, 88.2, 88.21, 104.8, 93.61, 79.12, 82.22, 99.35, 93.54]

numCandiates : 20
numVoters : 750
numElections : 750
columnBlindness : 1
epochs : 166
trainableLayerCount : 1
crowdBuildMethod : {'name': 'standardDistribution', 'mean': 10000, 'standardDeviation': 2500}
dataSetName : mySynthetic
predictedFeature : y

========= SIMULATION RESULTS ========
Metrics                                          meanWinnerRank  rateTrueWinners  rateWinner<NULL  val_Mean²Err
Algorithms                                                                                                     
MyVoteSys <α=0.50, β=____, γ=0.66, MinEntropy>         1.102667         0.917333         0.000000           NaN
MyVoteSys <α=0.50, β=____, γ=0.80, First>              1.102667         0.917333         0.000000           NaN
MyVoteSys <α=0.50, β=0.33, γ=0.66, MinEntropy>         1.102667         0.917333         0.000000           NaN
MyVoteSys <α=0.50, β=0.33, γ=____, MaxVariance>        1.102667         0.917333         0.000000           NaN
MyVoteSys <α=0.50, β=0.33, γ=0.80, MaxVariance>        1.102667         0.917333         0.000000           NaN
MyVoteSys <α=0.50, β=____, γ=0.80, MaxVariance>        1.102667         0.917333         0.000000           NaN
MyVoteSys <α=0.50, β=____, γ=0.80, MinEntropy>         1.102667         0.917333         0.000000           NaN
MyVoteSys <α=0.50, β=____, γ=0.66, First>              1.102667         0.917333         0.000000           NaN
MyVoteSys <α=0.50, β=0.33, γ=0.66, MaxVariance>        1.102667         0.917333         0.000000           NaN
MyVoteSys <α=0.50, β=0.33, γ=0.66, First>              1.102667         0.917333         0.000000           NaN
MyVoteSys <α=0.50, β=____, γ=0.66, MaxVariance>        1.102667         0.917333         0.000000           NaN
MyVoteSys <α=0.50, β=____, γ=____, First>              1.102667         0.917333         0.000000           NaN
MyVoteSys <α=0.50, β=0.33, γ=____, MinEntropy>         1.102667         0.917333         0.000000           NaN
MyVoteSys <α=0.50, β=____, γ=____, MinEntropy>         1.102667         0.917333         0.000000           NaN
MyVoteSys <α=0.50, β=0.33, γ=0.80, MinEntropy>         1.102667         0.917333         0.000000           NaN
MyVoteSys <α=0.50, β=0.33, γ=0.80, First>              1.102667         0.917333         0.000000           NaN
MyVoteSys <α=0.50, β=0.33, γ=____, First>              1.102667         0.917333         0.000000           NaN
InstantRunoffVoting                                    1.109333         0.920000         0.000000           NaN
crowd-Mean                                             1.109333         0.918667         0.000000  18234.189453
crowd-Median                                           1.109333         0.918667         0.000000  17967.429688
PreferentialBlockVoting                                1.110667         0.918667         0.000000           NaN
SingleTransferableVote                                 1.110667         0.918667         0.000000           NaN
MyVoteSys <α=0.50, β=0.33, γ=0.66, MaxEntropy>         1.137333         0.890667         0.000000           NaN
MyVoteSys <α=0.50, β=____, γ=0.66, MinVariance>        1.137333         0.890667         0.000000           NaN
MyVoteSys <α=0.50, β=____, γ=0.66, Last>               1.137333         0.890667         0.000000           NaN
MyVoteSys <α=0.66, β=0.33, γ=0.80, MinEntropy>         1.137333         0.890667         0.000000           NaN
MyVoteSys <α=0.66, β=0.33, γ=____, MaxVariance>        1.137333         0.890667         0.000000           NaN
MyVoteSys <α=0.66, β=0.33, γ=0.80, MaxVariance>        1.137333         0.890667         0.000000           NaN
MyVoteSys <α=0.66, β=____, γ=____, First>              1.137333         0.890667         0.000000           NaN
MyVoteSys <α=0.66, β=0.33, γ=____, MinEntropy>         1.137333         0.890667         0.000000           NaN
MyVoteSys <α=0.50, β=0.33, γ=0.66, MinVariance>        1.137333         0.890667         0.000000           NaN
MyVoteSys <α=0.66, β=____, γ=0.80, MaxVariance>        1.137333         0.890667         0.000000           NaN
MyVoteSys <α=0.66, β=____, γ=____, MinEntropy>         1.137333         0.890667         0.000000           NaN
MyVoteSys <α=0.66, β=____, γ=0.80, First>              1.137333         0.890667         0.000000           NaN
MyVoteSys <α=0.66, β=0.33, γ=0.80, First>              1.137333         0.890667         0.000000           NaN
MyVoteSys <α=0.50, β=____, γ=0.66, MaxEntropy>         1.137333         0.890667         0.000000           NaN
MyVoteSys <α=0.50, β=0.33, γ=0.66, Last>               1.137333         0.890667         0.000000           NaN
MyVoteSys <α=0.66, β=____, γ=0.80, MinEntropy>         1.137333         0.890667         0.000000           NaN
MyVoteSys <α=0.66, β=0.33, γ=____, First>              1.137333         0.890667         0.000000           NaN
FirstPastThePost (but without tactical voting)         1.140000         0.905333         0.000000           NaN
MyVoteSys <α=0.66, β=____, γ=0.80, Last>               1.154667         0.873333         0.000000           NaN
MyVoteSys <α=0.80, β=____, γ=____, First>              1.154667         0.873333         0.000000           NaN
MyVoteSys <α=0.80, β=____, γ=____, MinEntropy>         1.154667         0.873333         0.000000           NaN
MyVoteSys <α=0.66, β=____, γ=0.80, MaxEntropy>         1.154667         0.873333         0.000000           NaN
MyVoteSys <α=0.66, β=0.33, γ=0.80, Last>               1.154667         0.873333         0.000000           NaN
MyVoteSys <α=0.66, β=0.33, γ=0.80, MinVariance>        1.154667         0.873333         0.000000           NaN
MyVoteSys <α=0.66, β=0.33, γ=0.80, MaxEntropy>         1.154667         0.873333         0.000000           NaN
MyVoteSys <α=0.50, β=____, γ=0.80, MinVariance>        1.154667         0.873333         0.000000           NaN
MyVoteSys <α=0.50, β=0.33, γ=0.80, Last>               1.154667         0.873333         0.000000           NaN
MyVoteSys <α=0.66, β=____, γ=0.80, MinVariance>        1.154667         0.873333         0.000000           NaN
MyVoteSys <α=0.50, β=0.33, γ=0.80, MaxEntropy>         1.154667         0.873333         0.000000           NaN
MyVoteSys <α=0.50, β=____, γ=0.80, Last>               1.154667         0.873333         0.000000           NaN
MyVoteSys <α=0.50, β=____, γ=0.80, MaxEntropy>         1.154667         0.873333         0.000000           NaN
MyVoteSys <α=0.50, β=0.33, γ=0.80, MinVariance>        1.154667         0.873333         0.000000           NaN
MyVoteSys <α=0.80, β=0.33, γ=____, MinEntropy>         1.169333         0.872000         0.000000           NaN
MyVoteSys <α=0.80, β=0.33, γ=____, First>              1.169333         0.872000         0.000000           NaN
MyVoteSys <α=0.80, β=0.33, γ=____, MaxVariance>        1.169333         0.872000         0.000000           NaN
MyVoteSys <α=0.50, β=0.33, γ=____, MinVariance>        1.473333         0.680000         0.000000           NaN
MyVoteSys <α=0.66, β=0.33, γ=____, MinVariance>        1.473333         0.680000         0.000000           NaN
bestVoter (Dictatorship)                               1.478667         0.698667         0.000000   3134.116699
MyVoteSys <α=0.80, β=0.33, γ=____, MinVariance>        1.488000         0.678667         0.000000           NaN
MyVoteSys <α=0.66, β=____, γ=____, MinVariance>        1.572000         0.637333         0.000000           NaN
MyVoteSys <α=0.50, β=____, γ=____, MinVariance>        1.572000         0.637333         0.000000           NaN
MyVoteSys <α=0.80, β=____, γ=____, MinVariance>        1.572000         0.637333         0.000000           NaN
MyVoteSys <α=0.66, β=0.33, γ=____, MaxEntropy>         1.618667         0.626667         0.000000           NaN
MyVoteSys <α=0.50, β=0.33, γ=____, MaxEntropy>         1.618667         0.626667         0.000000           NaN
MyVoteSys <α=0.66, β=0.33, γ=____, Last>               1.618667         0.626667         0.000000           NaN
MyVoteSys <α=0.50, β=0.33, γ=____, Last>               1.618667         0.626667         0.000000           NaN
MyVoteSys <α=0.80, β=0.33, γ=____, Last>               1.633333         0.625333         0.000000           NaN
MyVoteSys <α=0.80, β=0.33, γ=____, MaxEntropy>         1.633333         0.625333         0.000000           NaN
MyVoteSys <α=0.50, β=____, γ=____, MaxVariance>        2.037333         0.545333         0.004000           NaN
MyVoteSys <α=0.66, β=____, γ=____, MaxVariance>        2.238667         0.469333         0.005333           NaN
MyVoteSys <α=0.80, β=____, γ=____, MaxVariance>        2.362667         0.422667         0.005333           NaN
MyVoteSys <α=0.66, β=____, γ=____, Last>               2.381333         0.413333         0.005333           NaN
MyVoteSys <α=0.50, β=____, γ=____, MaxEntropy>         2.381333         0.413333         0.005333           NaN
MyVoteSys <α=0.80, β=____, γ=____, Last>               2.381333         0.413333         0.005333           NaN
MyVoteSys <α=0.50, β=____, γ=____, Last>               2.381333         0.413333         0.005333           NaN
MyVoteSys <α=0.80, β=____, γ=____, MaxEntropy>         2.381333         0.413333         0.005333           NaN
MyVoteSys <α=0.66, β=____, γ=____, MaxEntropy>         2.381333         0.413333         0.005333           NaN

