
===== Last Election voting process ======

Stamp Counts Table:
Candidates  1464  435  1298  1884  917  2740  2825  1867  2564  45  2745  60  2737  1540  1141  825  1275  1243  493  NullCandidate
Stage                                                                                                                              
0              1    0     0     0    0     0     0     0     0   0     0   0     0     0     0    0     0     0    0              0
1              0    1     0     0    0     0     0     0     0   0     0   0     0     0     0    0     0     0    0              0
2              0    0     1     0    0     0     0     0     0   0     0   0     0     0     0    0     0     0    0              0
3              0    0     0     1    0     0     0     0     0   0     0   0     0     0     0    0     0     0    0              0
4              0    0     0     0    1     0     0     0     0   0     0   0     0     0     0    0     0     0    0              0
5              0    0     0     0    0     1     0     0     0   0     0   0     0     0     0    0     0     0    0              0
6              0    0     0     0    0     0     1     0     0   0     0   0     0     0     0    0     0     0    0              0
7              0    0     0     0    0     0     0     1     0   0     0   0     0     0     0    0     0     0    0              0
8              0    0     0     0    0     0     0     0     1   0     0   0     0     0     0    0     0     0    0              0
9              0    0     0     0    0     0     0     0     0   1     0   0     0     0     0    0     0     0    0              0
10             0    0     0     0    0     0     0     0     0   0     1   0     0     0     0    0     0     0    0              0
11             0    0     0     0    0     0     0     0     0   0     0   1     0     0     0    0     0     0    0              0
12             0    0     0     0    0     0     0     0     0   0     0   0     1     0     0    0     0     0    0              0
13             0    0     0     0    0     0     0     0     0   0     0   0     0     1     0    0     0     0    0              0
14             0    0     0     0    0     0     0     0     0   0     0   0     0     0     1    0     0     0    0              0
15             0    0     0     0    0     0     0     0     0   0     0   0     0     0     0    1     0     0    0              0
16             0    0     0     0    0     0     0     0     0   0     0   0     0     0     0    0     1     0    0              0
17             0    0     0     0    0     0     0     0     0   0     0   0     0     0     0    0     0     1    0              0
18             0    0     0     0    0     0     0     0     0   0     0   0     0     0     0    0     0     0    1              0
19             0    0     0     0    0     0     0     0     0   0     0   0     0     0     0    0     0     0    0              1

Processed Vote Counts Table:
Candidates  1464  435  1298  1884  917  2740  2825  1867  2564  45  2745  60  2737  1540  1141  825  1275  1243  493  NullCandidate
Stage                                                                                                                              
0              1    0     0     0    0     0     0     0     0   0     0   0     0     0     0    0     0     0    0              0
1              1    1     0     0    0     0     0     0     0   0     0   0     0     0     0    0     0     0    0              0
2              1    1     1     0    0     0     0     0     0   0     0   0     0     0     0    0     0     0    0              0
3              1    1     1     1    0     0     0     0     0   0     0   0     0     0     0    0     0     0    0              0
4              1    1     1     1    1     0     0     0     0   0     0   0     0     0     0    0     0     0    0              0
5              1    1     1     1    1     1     0     0     0   0     0   0     0     0     0    0     0     0    0              0
6              1    1     1     1    1     1     1     0     0   0     0   0     0     0     0    0     0     0    0              0
7              1    1     1     1    1     1     1     1     0   0     0   0     0     0     0    0     0     0    0              0
8              1    1     1     1    1     1     1     1     1   0     0   0     0     0     0    0     0     0    0              0
9              1    1     1     1    1     1     1     1     1   1     0   0     0     0     0    0     0     0    0              0
10             1    1     1     1    1     1     1     1     1   1     1   0     0     0     0    0     0     0    0              0
11             1    1     1     1    1     1     1     1     1   1     1   1     0     0     0    0     0     0    0              0
12             1    1     1     1    1     1     1     1     1   1     1   1     1     0     0    0     0     0    0              0
13             1    1     1     1    1     1     1     1     1   1     1   1     1     1     0    0     0     0    0              0
14             1    1     1     1    1     1     1     1     1   1     1   1     1     1     1    0     0     0    0              0
15             1    1     1     1    1     1     1     1     1   1     1   1     1     1     1    1     0     0    0              0
16             1    1     1     1    1     1     1     1     1   1     1   1     1     1     1    1     1     0    0              0
17             1    1     1     1    1     1     1     1     1   1     1   1     1     1     1    1     1     1    0              0
18             1    1     1     1    1     1     1     1     1   1     1   1     1     1     1    1     1     1    1              0
19             1    1     1     1    1     1     1     1     1   1     1   1     1     1     1    1     1     1    1              1

Score(%) of Candidates Table:
Candidates   1464    435   1298   1884    917   2740   2825   1867   2564     45   2745     60   2737   1540   1141    825   1275   1243    493  NullCandidate
Stage                                                                                                                                                         
0           100.0    0.0    0.0    0.0    0.0    0.0    0.0    0.0    0.0    0.0    0.0    0.0    0.0    0.0    0.0    0.0    0.0    0.0    0.0            0.0
1           100.0  100.0    0.0    0.0    0.0    0.0    0.0    0.0    0.0    0.0    0.0    0.0    0.0    0.0    0.0    0.0    0.0    0.0    0.0            0.0
2           100.0  100.0  100.0    0.0    0.0    0.0    0.0    0.0    0.0    0.0    0.0    0.0    0.0    0.0    0.0    0.0    0.0    0.0    0.0            0.0
3           100.0  100.0  100.0  100.0    0.0    0.0    0.0    0.0    0.0    0.0    0.0    0.0    0.0    0.0    0.0    0.0    0.0    0.0    0.0            0.0
4           100.0  100.0  100.0  100.0  100.0    0.0    0.0    0.0    0.0    0.0    0.0    0.0    0.0    0.0    0.0    0.0    0.0    0.0    0.0            0.0
5           100.0  100.0  100.0  100.0  100.0  100.0    0.0    0.0    0.0    0.0    0.0    0.0    0.0    0.0    0.0    0.0    0.0    0.0    0.0            0.0
6           100.0  100.0  100.0  100.0  100.0  100.0  100.0    0.0    0.0    0.0    0.0    0.0    0.0    0.0    0.0    0.0    0.0    0.0    0.0            0.0
7           100.0  100.0  100.0  100.0  100.0  100.0  100.0  100.0    0.0    0.0    0.0    0.0    0.0    0.0    0.0    0.0    0.0    0.0    0.0            0.0
8           100.0  100.0  100.0  100.0  100.0  100.0  100.0  100.0  100.0    0.0    0.0    0.0    0.0    0.0    0.0    0.0    0.0    0.0    0.0            0.0
9           100.0  100.0  100.0  100.0  100.0  100.0  100.0  100.0  100.0  100.0    0.0    0.0    0.0    0.0    0.0    0.0    0.0    0.0    0.0            0.0
10          100.0  100.0  100.0  100.0  100.0  100.0  100.0  100.0  100.0  100.0  100.0    0.0    0.0    0.0    0.0    0.0    0.0    0.0    0.0            0.0
11          100.0  100.0  100.0  100.0  100.0  100.0  100.0  100.0  100.0  100.0  100.0  100.0    0.0    0.0    0.0    0.0    0.0    0.0    0.0            0.0
12          100.0  100.0  100.0  100.0  100.0  100.0  100.0  100.0  100.0  100.0  100.0  100.0  100.0    0.0    0.0    0.0    0.0    0.0    0.0            0.0
13          100.0  100.0  100.0  100.0  100.0  100.0  100.0  100.0  100.0  100.0  100.0  100.0  100.0  100.0    0.0    0.0    0.0    0.0    0.0            0.0
14          100.0  100.0  100.0  100.0  100.0  100.0  100.0  100.0  100.0  100.0  100.0  100.0  100.0  100.0  100.0    0.0    0.0    0.0    0.0            0.0
15          100.0  100.0  100.0  100.0  100.0  100.0  100.0  100.0  100.0  100.0  100.0  100.0  100.0  100.0  100.0  100.0    0.0    0.0    0.0            0.0
16          100.0  100.0  100.0  100.0  100.0  100.0  100.0  100.0  100.0  100.0  100.0  100.0  100.0  100.0  100.0  100.0  100.0    0.0    0.0            0.0
17          100.0  100.0  100.0  100.0  100.0  100.0  100.0  100.0  100.0  100.0  100.0  100.0  100.0  100.0  100.0  100.0  100.0  100.0    0.0            0.0
18          100.0  100.0  100.0  100.0  100.0  100.0  100.0  100.0  100.0  100.0  100.0  100.0  100.0  100.0  100.0  100.0  100.0  100.0  100.0            0.0
19          100.0  100.0  100.0  100.0  100.0  100.0  100.0  100.0  100.0  100.0  100.0  100.0  100.0  100.0  100.0  100.0  100.0  100.0  100.0          100.0

                                                 winner  winStage                                                         validStages
algorithm                                                                                                                            
MinEntropyWeightedSumWins<α=0>                      435       NaN                                                                 NaN
MinEntropyWeightedSumWins<α=0.5>                    435       NaN                                                                 NaN
MinEntropyWeightedSumWins2<α=0>                     435       NaN                                                                 NaN
MinEntropyWeightedSumWins2<α=0.5>                   435       NaN                                                                 NaN
MaxVarianceWeightedSumWins<α=0>                    1464       NaN                                                                 NaN
MaxVarianceWeightedSumWins<α=0.5>                  1464       NaN                                                                 NaN
MaxStandardDeviationWeightedSumWins<α=0>           1464       NaN                                                                 NaN
MaxStandardDeviationWeightedSumWins<α=0.5>         1464       NaN                                                                 NaN
MyVoteSys <α=0.50, β=0.33, γ=____, MinEntropy>     1464       0.0  [0, 1, 2, 3, 4, 5, 6, 7, 8, 9, 10, 11, 12, 13, 14, 15, 16, 17, 18]
MyVoteSys <α=0.50, β=0.33, γ=____, MaxVariance>    1464       0.0  [0, 1, 2, 3, 4, 5, 6, 7, 8, 9, 10, 11, 12, 13, 14, 15, 16, 17, 18]
MyVoteSys <α=0.50, β=0.33, γ=____, MaxStDev>       1464       0.0  [0, 1, 2, 3, 4, 5, 6, 7, 8, 9, 10, 11, 12, 13, 14, 15, 16, 17, 18] 

Last Election Candidates:
                        y
Candidates               
2745          -193.114960
45            -156.379350
1141          -100.953116
60             -89.428630
2737           -64.098610
1464           -52.081943
1867           -51.955795
2564           -33.618657
825            -20.500274
1275           -10.987830
1243           -10.315764
NullCandidate   -3.467414
493              1.335523
2825            40.940356
1540            42.547075
1298            72.637282
435            128.521209
1884           156.505184
2740           179.090404
917            300.502391

Voters Validation Mean Squared Error:
[19754.2]

Voters Validation Mean Error:
[140.55]

numCandiates : 20
numVoters : 1
numElections : 1
columnBlindness : 8
epochs : 1
trainableLayerCount : 1
crowdBuildMethod : None
dataSetName : mySynthetic
predictedFeature : y

========= SIMULATION RESULTS ========
Metrics                                          meanWinnerRank  rateTrueWinners  rateWinner<NULL
Algorithms                                                                                       
MinEntropyWeightedSumWins2<α=0>                             4.0              0.0              0.0
MinEntropyWeightedSumWins2<α=0.5>                           4.0              0.0              0.0
MinEntropyWeightedSumWins<α=0>                              4.0              0.0              0.0
MinEntropyWeightedSumWins<α=0.5>                            4.0              0.0              0.0
MyVoteSys <α=0.50, β=0.33, γ=____, MaxStDev>               15.0              0.0              1.0
MaxVarianceWeightedSumWins<α=0>                            15.0              0.0              1.0
MaxVarianceWeightedSumWins<α=0.5>                          15.0              0.0              1.0
MaxStandardDeviationWeightedSumWins<α=0.5>                 15.0              0.0              1.0
MaxStandardDeviationWeightedSumWins<α=0>                   15.0              0.0              1.0
MyVoteSys <α=0.50, β=0.33, γ=____, MinEntropy>             15.0              0.0              1.0
MyVoteSys <α=0.50, β=0.33, γ=____, MaxVariance>            15.0              0.0              1.0

