
===== Last Election voting process ======

Stamp Counts Table:
Candidates  57  2941  2584  2121  1206  932  198  221  432  2170  2888  2512  2790  2798  2209  2278  1663  1520  1190  NullCandidate
Stage                                                                                                                                
0           64   159    18    34    61   14    2   37    0    40    76    32     0     0    67    36    71    33     6              0
1           62   144    37    49    91   34    2   12    8    55    45    14     2     2    53    22    61    44    13              0
2           94    55    52    46   104   35    3   27   45    56    51    21    19    11    44    34    38    10     5              0
3           62    70    47    40    51   41    4   15   69    35    38    48    45    10    45    49    28    37    16              0
4           45    68    48    50    96   37   19   30   24    23    38    41    59     2    55    33    29    36    14              3
5           47    49    62    73    48   38   19   45   69    36    39    43    31    16    45    22    35    15    11              7
6           25    71    47    71    29   50   30   45   28    15    36    44    30    22    39    15    46    45    22             40
7           60    46    47    61    23   44   34   27   36    29    17    30    55    30    31    27    40    42    22             49
8           39    18    43    46    37   31   41   31   53    29    37     6    33    39    55    48    29    40    10             85
9           52    18    51    39    13   43   57   30   36    28    43    24    31    51    18    21    29    40    27             99
10          25    13    50    29    29   29   81   23   46    31    51    17    35    37    17    46    23    31    36            101
11          41    10    28    42    27   27   58   53   40    33    34    29    41    57    19    36    25    32    27             91
12          31     9    33    27    32   40   82   42   29    45    33    46    42    47    28    28    18    34    44             60
13          21     4    29    24    24   28   85   59   27    54    30    51    31    49    18    36    13    58    54             55
14          10     5    26    52    17   59   52   62   60    58    16    73    18    73    13    36    30    25    55             10
15          16     6    50    20    11   31   61   51   74    58    27    43    34    55    30    44    22    31    83              3
16          41     0    54    23    12   38   28   49   46    25    37    60    36    84    30    52    51    36    45              3
17          15     4    18    10    24   20   47   54   13    41    47    53    87    47    55    44    56    32    83              0
18           0     1    10    14    17  107   40   50   27    36    27    26    70    65    31    59    38    53    78              1
19           0     0     0     0     4    4    5    8   20    23    28    49    51    53    57    62    68    76    99            143

Processed Vote Counts Table:
Candidates   57  2941  2584  2121  1206  932  198  221  432  2170  2888  2512  2790  2798  2209  2278  1663  1520  1190  NullCandidate
Stage                                                                                                                                 
0            64   159    18    34    61   14    2   37    0    40    76    32     0     0    67    36    71    33     6              0
1           126   303    55    83   152   48    4   49    8    95   121    46     2     2   120    58   132    77    19              0
2           220   358   107   129   256   83    7   76   53   151   172    67    21    13   164    92   170    87    24              0
3           282   428   154   169   307  124   11   91  122   186   210   115    66    23   209   141   198   124    40              0
4           327   496   202   219   403  161   30  121  146   209   248   156   125    25   264   174   227   160    54              3
5           374   545   264   292   451  199   49  166  215   245   287   199   156    41   309   196   262   175    65             10
6           399   616   311   363   480  249   79  211  243   260   323   243   186    63   348   211   308   220    87             50
7           459   662   358   424   503  293  113  238  279   289   340   273   241    93   379   238   348   262   109             99
8           498   680   401   470   540  324  154  269  332   318   377   279   274   132   434   286   377   302   119            184
9           550   698   452   509   553  367  211  299  368   346   420   303   305   183   452   307   406   342   146            283
10          575   711   502   538   582  396  292  322  414   377   471   320   340   220   469   353   429   373   182            384
11          616   721   530   580   609  423  350  375  454   410   505   349   381   277   488   389   454   405   209            475
12          647   730   563   607   641  463  432  417  483   455   538   395   423   324   516   417   472   439   253            535
13          668   734   592   631   665  491  517  476  510   509   568   446   454   373   534   453   485   497   307            590
14          678   739   618   683   682  550  569  538  570   567   584   519   472   446   547   489   515   522   362            600
15          694   745   668   703   693  581  630  589  644   625   611   562   506   501   577   533   537   553   445            603
16          735   745   722   726   705  619  658  638  690   650   648   622   542   585   607   585   588   589   490            606
17          750   749   740   736   729  639  705  692  703   691   695   675   629   632   662   629   644   621   573            606
18          750   750   750   750   746  746  745  742  730   727   722   701   699   697   693   688   682   674   651            607
19          750   750   750   750   750  750  750  750  750   750   750   750   750   750   750   750   750   750   750            750

Score(%) of Candidates Table:
Candidates          57        2941        2584        2121        1206         932         198         221         432        2170        2888        2512        2790        2798        2209        2278        1663        1520        1190  NullCandidate
Stage                                                                                                                                                                                                                                                        
0             8.533333   21.200000    2.400000    4.533333    8.133333    1.866667    0.266667    4.933333    0.000000    5.333333   10.133333    4.266667    0.000000    0.000000    8.933333    4.800000    9.466667    4.400000    0.800000       0.000000
1            16.800000   40.400000    7.333333   11.066667   20.266667    6.400000    0.533333    6.533333    1.066667   12.666667   16.133333    6.133333    0.266667    0.266667   16.000000    7.733333   17.600000   10.266667    2.533333       0.000000
2            29.333333   47.733333   14.266667   17.200000   34.133333   11.066667    0.933333   10.133333    7.066667   20.133333   22.933333    8.933333    2.800000    1.733333   21.866667   12.266667   22.666667   11.600000    3.200000       0.000000
3            37.600000   57.066667   20.533333   22.533333   40.933333   16.533333    1.466667   12.133333   16.266667   24.800000   28.000000   15.333333    8.800000    3.066667   27.866667   18.800000   26.400000   16.533333    5.333333       0.000000
4            43.600000   66.133333   26.933333   29.200000   53.733333   21.466667    4.000000   16.133333   19.466667   27.866667   33.066667   20.800000   16.666667    3.333333   35.200000   23.200000   30.266667   21.333333    7.200000       0.400000
5            49.866667   72.666667   35.200000   38.933333   60.133333   26.533333    6.533333   22.133333   28.666667   32.666667   38.266667   26.533333   20.800000    5.466667   41.200000   26.133333   34.933333   23.333333    8.666667       1.333333
6            53.200000   82.133333   41.466667   48.400000   64.000000   33.200000   10.533333   28.133333   32.400000   34.666667   43.066667   32.400000   24.800000    8.400000   46.400000   28.133333   41.066667   29.333333   11.600000       6.666667
7            61.200000   88.266667   47.733333   56.533333   67.066667   39.066667   15.066667   31.733333   37.200000   38.533333   45.333333   36.400000   32.133333   12.400000   50.533333   31.733333   46.400000   34.933333   14.533333      13.200000
8            66.400000   90.666667   53.466667   62.666667   72.000000   43.200000   20.533333   35.866667   44.266667   42.400000   50.266667   37.200000   36.533333   17.600000   57.866667   38.133333   50.266667   40.266667   15.866667      24.533333
9            73.333333   93.066667   60.266667   67.866667   73.733333   48.933333   28.133333   39.866667   49.066667   46.133333   56.000000   40.400000   40.666667   24.400000   60.266667   40.933333   54.133333   45.600000   19.466667      37.733333
10           76.666667   94.800000   66.933333   71.733333   77.600000   52.800000   38.933333   42.933333   55.200000   50.266667   62.800000   42.666667   45.333333   29.333333   62.533333   47.066667   57.200000   49.733333   24.266667      51.200000
11           82.133333   96.133333   70.666667   77.333333   81.200000   56.400000   46.666667   50.000000   60.533333   54.666667   67.333333   46.533333   50.800000   36.933333   65.066667   51.866667   60.533333   54.000000   27.866667      63.333333
12           86.266667   97.333333   75.066667   80.933333   85.466667   61.733333   57.600000   55.600000   64.400000   60.666667   71.733333   52.666667   56.400000   43.200000   68.800000   55.600000   62.933333   58.533333   33.733333      71.333333
13           89.066667   97.866667   78.933333   84.133333   88.666667   65.466667   68.933333   63.466667   68.000000   67.866667   75.733333   59.466667   60.533333   49.733333   71.200000   60.400000   64.666667   66.266667   40.933333      78.666667
14           90.400000   98.533333   82.400000   91.066667   90.933333   73.333333   75.866667   71.733333   76.000000   75.600000   77.866667   69.200000   62.933333   59.466667   72.933333   65.200000   68.666667   69.600000   48.266667      80.000000
15           92.533333   99.333333   89.066667   93.733333   92.400000   77.466667   84.000000   78.533333   85.866667   83.333333   81.466667   74.933333   67.466667   66.800000   76.933333   71.066667   71.600000   73.733333   59.333333      80.400000
16           98.000000   99.333333   96.266667   96.800000   94.000000   82.533333   87.733333   85.066667   92.000000   86.666667   86.400000   82.933333   72.266667   78.000000   80.933333   78.000000   78.400000   78.533333   65.333333      80.800000
17          100.000000   99.866667   98.666667   98.133333   97.200000   85.200000   94.000000   92.266667   93.733333   92.133333   92.666667   90.000000   83.866667   84.266667   88.266667   83.866667   85.866667   82.800000   76.400000      80.800000
18          100.000000  100.000000  100.000000  100.000000   99.466667   99.466667   99.333333   98.933333   97.333333   96.933333   96.266667   93.466667   93.200000   92.933333   92.400000   91.733333   90.933333   89.866667   86.800000      80.933333
19          100.000000  100.000000  100.000000  100.000000  100.000000  100.000000  100.000000  100.000000  100.000000  100.000000  100.000000  100.000000  100.000000  100.000000  100.000000  100.000000  100.000000  100.000000  100.000000     100.000000

                                                winner  winStage         validStages
algorithm                                                                           
MinEntropyWeightedSumWins<α=0>                    2941       NaN                 NaN
MinEntropyWeightedSumWins<α=0.5>                  2941       NaN                 NaN
MaxVarianceWeightedSumWins<α=0>                   2941       NaN                 NaN
MaxVarianceWeightedSumWins<α=0.5>                 2941       NaN                 NaN
MyVoteSys <α=0.50, β=0.33, γ=____, MinEntropy>    2941       3.0  [3, 4, 5, 6, 7, 8]
bestVoter (Dictatorship)                          1206       NaN                 NaN
crowd-Mean                                        2941       NaN                 NaN
crowd-Median                                      2941       NaN                 NaN 

Last Election Candidates:
                        y
Candidates               
1190          -232.786525
2798          -229.771472
2278          -143.378743
1520          -133.584238
198           -123.223120
2512          -108.516904
2790          -104.143793
221            -76.723377
2170           -32.205255
432            -23.230607
932            -22.465823
2888            -9.931695
NullCandidate   -3.467414
1663            16.616830
2209            25.564529
2584            32.898556
2121            45.478958
57              87.946718
1206           114.414186
2941           289.762267

Voters Validation Mean Squared Error:
[16003.75, 16107.85, 15760.66, 15356.19, 16042.1, 16227.01, 15531.38, 15233.36, 16901.21, 16052.58, 15822.28, 16138.26, 16585.95, 16054.19, 16069.06, 16394.77, 16635.87, 15515.5, 16140.48, 15862.28, 15391.26, 15585.71, 16928.45, 15526.74, 16166.44, 16021.38, 15161.4, 15365.27, 15730.67, 15829.08, 15284.17, 15515.03, 16115.5, 16435.29, 15666.37, 15900.28, 16004.41, 15395.22, 15826.11, 16419.79, 15896.08, 15832.13, 15614.31, 16041.48, 16434.28, 15876.22, 16112.95, 16917.57, 16749.46, 15853.98, 16207.07, 14622.18, 16412.57, 15156.33, 16981.29, 15502.88, 16270.54, 16572.82, 15712.84, 15902.65, 15802.42, 16106.39, 15681.72, 15105.78, 16644.21, 15805.8, 16527.76, 15756.05, 15991.05, 15912.03, 14965.51, 16713.31, 16101.22, 15329.82, 16981.42, 14466.95, 16101.64, 16210.95, 16337.76, 16810.5, 16893.08, 16114.36, 15303.47, 16006.56, 16053.26, 15475.05, 17464.41, 16791.93, 16813.55, 16182.62, 15022.18, 15225.55, 16285.3, 15349.44, 16112.1, 16978.71, 15800.84, 14532.95, 16756.83, 15557.95, 16234.19, 15630.64, 16290.06, 16176.19, 15938.78, 16303.42, 15947.89, 17340.52, 15601.2, 16494.46, 15924.72, 15158.86, 15538.11, 16923.4, 15875.77, 16676.22, 15866.22, 16746.79, 16391.54, 16097.64, 16141.45, 15369.66, 15390.59, 15422.98, 16197.12, 16565.65, 15259.64, 15189.52, 15840.43, 15731.31, 14949.84, 15199.51, 16608.79, 16192.59, 16018.24, 16327.16, 15983.95, 15387.26, 16397.45, 15051.95, 16159.37, 15903.7, 16488.49, 16216.78, 17762.17, 16335.7, 15748.23, 16412.58, 15956.59, 17374.17, 16799.59, 16268.19, 15363.18, 16949.65, 15479.21, 15423.59, 15643.47, 16256.78, 15652.1, 16664.31, 15387.74, 15989.41, 15992.58, 16015.2, 17494.4, 16718.33, 14847.45, 16062.19, 16220.02, 15629.96, 16495.08, 15342.43, 15938.12, 15523.93, 16890.47, 15221.81, 15783.17, 16033.87, 16601.58, 16074.85, 16283.44, 17131.39, 15315.22, 16734.8, 15259.02, 15986.72, 16347.08, 15410.5, 15289.71, 16138.57, 14728.87, 15902.17, 15954.4, 17007.64, 16757.05, 16612.37, 16233.77, 16138.26, 16216.93, 16029.03, 16044.67, 16029.38, 16449.57, 15437.48, 15909.91, 16416.82, 15957.43, 15847.27, 15870.94, 17239.72, 14680.19, 15872.38, 16431.14, 15790.69, 15367.81, 16056.06, 16049.16, 15320.04, 15340.25, 16254.09, 16750.28, 16136.92, 16192.99, 15706.78, 16570.04, 16152.57, 17204.18, 15931.92, 16462.84, 15216.73, 16473.62, 14464.19, 16649.75, 15242.12, 16596.0, 15883.48, 16193.64, 15971.55, 15627.52, 15867.25, 15781.56, 15594.51, 16463.15, 15376.62, 15926.8, 16387.64, 15998.28, 16869.33, 15032.41, 15975.55, 16200.98, 16488.59, 15280.79, 15640.35, 16416.86, 14609.83, 15289.62, 15418.38, 16462.35, 15374.78, 15605.0, 16049.05, 16120.19, 16115.11, 16457.99, 16435.33, 16454.1, 15439.68, 16443.8, 14964.07, 16493.5, 16265.46, 16298.4, 16233.84, 16821.19, 16032.14, 16171.84, 16137.4, 17310.7, 14820.22, 17329.87, 15584.76, 16140.92, 16177.44, 15635.69, 16209.58, 16273.9, 15844.23, 15607.05, 15848.92, 15088.7, 14720.0, 14973.16, 15873.97, 15616.52, 14960.63, 16115.16, 16363.99, 16686.12, 15887.01, 16478.1, 16939.01, 16439.28, 16445.7, 14794.68, 15511.97, 15464.63, 16359.44, 15856.13, 15203.49, 15397.52, 15501.82, 16387.8, 14271.56, 16009.74, 15982.37, 15161.94, 15260.1, 15780.95, 15377.95, 15595.54, 15522.26, 16588.04, 16086.69, 15644.97, 15608.04, 16110.78, 15236.87, 16155.18, 15439.36, 15612.59, 16930.43, 15766.39, 15725.38, 15493.26, 16316.83, 16395.42, 15378.67, 16053.82, 15082.62, 14506.84, 16621.8, 15736.78, 15618.42, 16043.22, 14796.72, 16724.29, 15907.2, 15975.44, 16573.64, 16072.46, 16350.04, 16958.41, 16437.17, 15334.42, 16106.09, 16592.2, 15583.16, 16155.85, 15994.48, 16126.21, 15350.55, 16102.74, 16659.08, 17572.61, 15319.43, 15746.01, 16657.12, 15756.17, 16770.43, 15403.81, 14735.16, 17373.38, 16048.96, 16023.43, 15004.57, 15535.77, 16190.41, 15146.3, 15450.71, 15573.9, 15516.95, 15711.64, 15202.48, 16074.93, 15839.91, 15395.62, 15511.41, 15562.15, 16293.55, 15500.72, 15957.42, 15327.39, 16261.01, 16427.28, 15343.22, 15608.08, 16703.62, 16001.17, 15255.36, 15693.05, 16798.35, 17621.09, 16287.75, 14966.38, 16033.3, 16844.14, 15172.3, 15167.32, 16641.61, 17128.95, 16357.82, 16366.24, 15891.49, 16539.17, 16569.29, 14462.47, 16869.78, 14893.31, 14720.36, 16541.32, 15374.08, 16065.22, 16449.45, 15278.01, 15901.29, 15698.13, 15654.34, 16263.35, 15823.02, 15403.2, 16721.97, 15186.53, 15243.35, 15981.77, 16344.18, 15905.62, 15317.95, 16191.28, 15640.97, 16244.58, 16001.63, 16473.71, 15749.03, 15846.54, 16295.46, 15616.7, 17261.64, 16255.9, 16481.11, 16408.88, 15161.16, 17624.19, 17123.62, 15494.04, 15991.18, 15260.05, 16026.75, 16193.31, 16179.11, 16131.78, 15596.24, 14843.35, 15590.76, 15623.44, 15770.67, 16122.99, 16232.97, 16068.16, 15643.07, 16825.3, 16034.12, 16903.32, 15943.61, 16076.77, 16150.3, 15615.44, 15455.79, 15377.72, 15283.73, 16399.38, 15109.9, 15592.71, 16806.62, 15784.64, 15570.87, 15474.19, 15932.97, 15197.51, 16501.98, 16268.43, 14926.32, 15968.79, 16044.42, 15996.75, 15903.26, 16911.22, 15153.32, 15928.2, 17774.2, 15613.37, 16662.55, 16668.29, 15509.38, 15396.46, 15490.4, 16202.03, 17443.71, 15871.4, 16276.45, 15319.96, 17209.04, 15985.71, 16263.58, 16158.22, 15672.41, 16297.68, 15183.4, 16273.78, 15527.92, 16252.51, 15805.4, 15864.31, 15087.06, 15378.38, 16113.96, 16733.58, 15008.03, 16538.54, 17449.51, 15853.32, 15831.7, 15523.17, 15713.58, 16412.13, 14696.72, 15206.15, 15671.42, 17157.1, 15897.35, 15556.79, 15032.74, 15779.35, 16442.5, 16546.62, 16200.56, 15853.25, 16645.85, 15767.21, 17023.05, 15813.46, 16460.75, 15622.8, 15699.64, 17506.73, 16148.96, 14848.88, 16505.78, 18681.85, 16222.39, 15596.54, 14835.78, 15309.76, 15560.83, 15661.89, 16068.79, 16058.17, 15855.44, 15160.12, 16310.45, 15815.5, 16611.42, 16177.41, 15763.17, 15951.39, 15790.15, 16153.15, 16385.0, 15735.25, 15935.14, 16317.85, 15927.7, 16494.34, 15539.95, 15422.43, 15660.99, 16565.3, 16478.62, 16129.45, 15508.48, 15142.9, 15395.0, 15196.32, 15213.56, 15771.95, 14298.84, 15860.9, 15604.26, 15267.42, 16811.64, 15948.64, 15596.4, 15822.21, 16582.67, 16137.35, 17146.61, 16795.0, 16183.86, 15652.2, 15437.6, 15957.54, 15701.45, 15532.65, 16663.63, 15998.51, 15853.12, 16195.97, 15631.16, 16446.93, 16053.83, 14966.75, 16219.98, 15662.66, 16069.25, 15937.95, 16231.08, 16430.88, 15651.94, 15748.72, 16434.06, 16687.1, 16423.44, 15758.74, 15232.32, 16573.67, 15475.9, 15412.1, 15245.11, 16539.12, 15355.12, 15358.34, 15888.23, 15442.76, 15629.4, 15843.6, 15313.93, 14700.85, 14975.66, 16620.84, 16049.23, 16116.63, 16249.62, 15450.3, 14632.24, 16382.0, 15957.39, 16199.61, 15968.49, 16278.05, 16412.67, 16200.14, 16818.6, 16358.77, 15744.85, 16759.44, 16556.37, 15694.28, 16309.28, 14750.66, 17098.48, 15864.83, 17550.27, 16242.69, 15823.2, 15740.66, 15986.79, 16393.01, 16944.76, 15065.73, 16051.07, 15344.96, 16421.55, 15258.33, 16938.03, 16722.51, 14572.69, 15318.69, 15146.6, 16795.28, 16255.02, 16500.15, 16000.89, 16246.24, 15220.3, 16571.97, 16805.12, 15635.96, 14768.15, 15665.21, 16481.03, 15324.89, 17127.37, 16218.34, 15486.03, 15067.29, 15740.58, 15412.6, 16573.82, 15987.21, 15984.96, 16600.56, 16694.53, 15687.12, 15961.61, 16534.69, 16415.81, 16765.79, 15689.33, 16386.31, 15771.96, 16307.82, 17952.38, 15498.04, 15574.36, 15433.65, 15791.42, 15981.78, 16425.79, 16072.2, 15937.06, 16512.91, 16684.78, 15929.36, 15740.43, 16128.25, 16079.8, 17142.51, 15285.58, 16228.31, 15187.72, 15734.16, 16676.13, 16784.84, 16250.55, 16233.07, 16212.84, 15316.55, 16277.65, 15070.12, 15797.97]

Voters Validation Mean Error:
[126.51, 126.92, 125.54, 123.92, 126.66, 127.39, 124.62, 123.42, 130.0, 126.7, 125.79, 127.04, 128.79, 126.71, 126.76, 128.04, 128.98, 124.56, 127.05, 125.95, 124.06, 124.84, 130.11, 124.61, 127.15, 126.58, 123.13, 123.96, 125.42, 125.81, 123.63, 124.56, 126.95, 128.2, 125.17, 126.1, 126.51, 124.08, 125.8, 128.14, 126.08, 125.83, 124.96, 126.65, 128.2, 126.0, 126.94, 130.07, 129.42, 125.91, 127.31, 120.92, 128.11, 123.11, 130.31, 124.51, 127.56, 128.74, 125.35, 126.11, 125.71, 126.91, 125.23, 122.91, 129.01, 125.72, 128.56, 125.52, 126.46, 126.14, 122.33, 129.28, 126.89, 123.81, 130.31, 120.28, 126.89, 127.32, 127.82, 129.66, 129.97, 126.94, 123.71, 126.52, 126.7, 124.4, 132.15, 129.58, 129.67, 127.21, 122.56, 123.39, 127.61, 123.89, 126.93, 130.3, 125.7, 120.55, 129.45, 124.73, 127.41, 125.02, 127.63, 127.19, 126.25, 127.68, 126.28, 131.68, 124.9, 128.43, 126.19, 123.12, 124.65, 130.09, 126.0, 129.14, 125.96, 129.41, 128.03, 126.88, 127.05, 123.97, 124.06, 124.19, 127.27, 128.71, 123.53, 123.25, 125.86, 125.42, 122.27, 123.29, 128.88, 127.25, 126.56, 127.78, 126.43, 124.05, 128.05, 122.69, 127.12, 126.11, 128.41, 127.35, 133.27, 127.81, 125.49, 128.11, 126.32, 131.81, 129.61, 127.55, 123.95, 130.19, 124.42, 124.19, 125.07, 127.5, 125.11, 129.09, 124.05, 126.45, 126.46, 126.55, 132.27, 129.3, 121.85, 126.74, 127.36, 125.02, 128.43, 123.86, 126.25, 124.6, 129.96, 123.38, 125.63, 126.62, 128.85, 126.79, 127.61, 130.89, 123.75, 129.36, 123.53, 126.44, 127.86, 124.14, 123.65, 127.04, 121.36, 126.1, 126.31, 130.41, 129.45, 128.89, 127.41, 127.04, 127.35, 126.61, 126.67, 126.61, 128.26, 124.25, 126.13, 128.13, 126.32, 125.89, 125.98, 131.3, 121.16, 125.99, 128.18, 125.66, 123.97, 126.71, 126.69, 123.77, 123.86, 127.49, 129.42, 127.03, 127.25, 125.33, 128.72, 127.09, 131.16, 126.22, 128.31, 123.36, 128.35, 120.27, 129.03, 123.46, 128.83, 126.03, 127.25, 126.38, 125.01, 125.97, 125.62, 124.88, 128.31, 124.0, 126.2, 128.01, 126.48, 129.88, 122.61, 126.39, 127.28, 128.41, 123.62, 125.06, 128.13, 120.87, 123.65, 124.17, 128.31, 124.0, 124.92, 126.68, 126.97, 126.95, 128.29, 128.2, 128.27, 124.26, 128.23, 122.33, 128.43, 127.54, 127.67, 127.41, 129.7, 126.62, 127.17, 127.03, 131.57, 121.74, 131.64, 124.84, 127.05, 127.19, 125.04, 127.32, 127.57, 125.87, 124.93, 125.89, 122.84, 121.33, 122.36, 125.99, 124.97, 122.31, 126.95, 127.92, 129.17, 126.04, 128.37, 130.15, 128.22, 128.24, 121.63, 124.55, 124.36, 127.9, 125.92, 123.3, 124.09, 124.51, 128.01, 119.46, 126.53, 126.42, 123.13, 123.53, 125.62, 124.01, 124.88, 124.59, 128.79, 126.83, 125.08, 124.93, 126.93, 123.44, 127.1, 124.26, 124.95, 130.12, 125.56, 125.4, 124.47, 127.74, 128.04, 124.01, 126.7, 122.81, 120.44, 128.93, 125.45, 124.97, 126.66, 121.64, 129.32, 126.12, 126.39, 128.74, 126.78, 127.87, 130.22, 128.21, 123.83, 126.91, 128.81, 124.83, 127.11, 126.47, 126.99, 123.9, 126.9, 129.07, 132.56, 123.77, 125.48, 129.06, 125.52, 129.5, 124.11, 121.39, 131.81, 126.68, 126.58, 122.49, 124.64, 127.24, 123.07, 124.3, 124.8, 124.57, 125.35, 123.3, 126.79, 125.86, 124.08, 124.54, 124.75, 127.65, 124.5, 126.32, 123.8, 127.52, 128.17, 123.87, 124.93, 129.24, 126.5, 123.51, 125.27, 129.61, 132.74, 127.62, 122.34, 126.62, 129.78, 123.18, 123.16, 129.0, 130.88, 127.9, 127.93, 126.06, 128.6, 128.72, 120.26, 129.88, 122.04, 121.33, 128.61, 123.99, 126.75, 128.26, 123.6, 126.1, 125.29, 125.12, 127.53, 125.79, 124.11, 129.31, 123.23, 123.46, 126.42, 127.84, 126.12, 123.77, 127.24, 125.06, 127.45, 126.5, 128.35, 125.5, 125.88, 127.65, 124.97, 131.38, 127.5, 128.38, 128.1, 123.13, 132.76, 130.86, 124.48, 126.46, 123.53, 126.6, 127.25, 127.2, 127.01, 124.88, 121.83, 124.86, 124.99, 125.58, 126.98, 127.41, 126.76, 125.07, 129.71, 126.63, 130.01, 126.27, 126.79, 127.08, 124.96, 124.32, 124.01, 123.63, 128.06, 122.92, 124.87, 129.64, 125.64, 124.78, 124.4, 126.23, 123.28, 128.46, 127.55, 122.17, 126.37, 126.67, 126.48, 126.11, 130.04, 123.1, 126.21, 133.32, 124.95, 129.08, 129.11, 124.54, 124.08, 124.46, 127.29, 132.07, 125.98, 127.58, 123.77, 131.18, 126.43, 127.53, 127.11, 125.19, 127.66, 123.22, 127.57, 124.61, 127.49, 125.72, 125.95, 122.83, 124.01, 126.94, 129.36, 122.51, 128.6, 132.1, 125.91, 125.82, 124.59, 125.35, 128.11, 121.23, 123.31, 125.19, 130.99, 126.08, 124.73, 122.61, 125.62, 128.23, 128.63, 127.28, 125.91, 129.02, 125.57, 130.47, 125.75, 128.3, 124.99, 125.3, 132.31, 127.08, 121.86, 128.47, 136.68, 127.37, 124.89, 121.8, 123.73, 124.74, 125.15, 126.76, 126.72, 125.92, 123.13, 127.71, 125.76, 128.89, 127.19, 125.55, 126.3, 125.66, 127.1, 128.0, 125.44, 126.23, 127.74, 126.2, 128.43, 124.66, 124.19, 125.14, 128.71, 128.37, 127.0, 124.53, 123.06, 124.08, 123.27, 123.34, 125.59, 119.58, 125.94, 124.92, 123.56, 129.66, 126.29, 124.89, 125.79, 128.77, 127.03, 130.95, 129.6, 127.22, 125.11, 124.25, 126.32, 125.31, 124.63, 129.09, 126.49, 125.91, 127.26, 125.02, 128.25, 126.7, 122.34, 127.36, 125.15, 126.76, 126.25, 127.4, 128.18, 125.11, 125.49, 128.2, 129.18, 128.15, 125.53, 123.42, 128.74, 124.4, 124.15, 123.47, 128.6, 123.92, 123.93, 126.05, 124.27, 125.02, 125.87, 123.75, 121.25, 122.38, 128.92, 126.69, 126.95, 127.47, 124.3, 120.96, 127.99, 126.32, 127.28, 126.37, 127.59, 128.11, 127.28, 129.69, 127.9, 125.48, 129.46, 128.67, 125.28, 127.71, 121.45, 130.76, 125.96, 132.48, 127.45, 125.79, 125.46, 126.44, 128.04, 130.17, 122.74, 126.69, 123.87, 128.15, 123.52, 130.15, 129.32, 120.72, 123.77, 123.07, 129.6, 127.5, 128.45, 126.49, 127.46, 123.37, 128.73, 129.63, 125.04, 121.52, 125.16, 128.38, 123.79, 130.87, 127.35, 124.44, 122.75, 125.46, 124.15, 128.74, 126.44, 126.43, 128.84, 129.21, 125.25, 126.34, 128.59, 128.12, 129.48, 125.26, 128.01, 125.59, 127.7, 133.99, 124.49, 124.8, 124.23, 125.66, 126.42, 128.16, 126.78, 126.24, 128.5, 129.17, 126.21, 125.46, 127.0, 126.81, 130.93, 123.63, 127.39, 123.24, 125.44, 129.14, 129.56, 127.48, 127.41, 127.33, 123.76, 127.58, 122.76, 125.69]

numCandiates : 20
numVoters : 750
numElections : 750
columnBlindness : 8
epochs : 166
trainableLayerCount : 1
crowdBuildMethod : {'name': 'standardDistribution', 'mean': 16000, 'standardDeviation': 666}
dataSetName : mySynthetic
predictedFeature : y

========= SIMULATION RESULTS ========
Metrics                                         meanWinnerRank  rateTrueWinners  rateWinner<NULL  val_Mean²Err
Algorithms                                                                                                    
crowd-Median                                          1.130667         0.878667         0.000000  18087.345703
crowd-Mean                                            1.130667         0.878667         0.000000  18155.003906
MyVoteSys <α=0.50, β=0.33, γ=____, MinEntropy>        1.365333         0.740000         0.000000           NaN
MaxVarianceWeightedSumWins<α=0>                       1.426667         0.714667         0.000000           NaN
MaxVarianceWeightedSumWins<α=0.5>                     1.442667         0.704000         0.000000           NaN
bestVoter (Dictatorship)                              5.080000         0.206667         0.112000  14271.562500
MinEntropyWeightedSumWins<α=0>                        6.282667         0.128000         0.194667           NaN
MinEntropyWeightedSumWins<α=0.5>                      6.282667         0.128000         0.194667           NaN

