
===== Last Election voting process ======

Stamp Counts Table:
Candidates  2652  1012  722  2011  763  1670  2090  63  2567  2190  685  2508  2208  2816  1318  807  393  NullCandidate  2009  2216
Stage                                                                                                                               
0             82    27   64    95    7    50    33  48     2    30    0    36    46    16    73   19   88              0    12    22
1            104    28   22    20    4    61    99  45    56    38    3    33    32    40    46   13   82              0    16     8
2             42    41   48    41   25    41   162  60    58    14    5    53    39    16    40   18   22              0    14    11
3             42    55   52    57   34    56    92  46    22    34   26    60    51    32    44    8   23              1     6     9
4             54    41   49    22   40    42    79  83    12    40   30    41    69    34    30   14   32              3     8    27
5             81    57   50    23   39    36    67  51    45    26   17    33    55    39    35   11   34             11    28    12
6             54    48   61    49   18    27    45  45    51    37   26    36    31    38    40   27   45             27    21    24
7             55    46   76    34   11    26    26  62    40    26   22    42    36    43    37   22   44             51    23    28
8             28    40   68    27   26    60    20  60    33    50   25    37    48    25    38   17   18             81    19    30
9             28    49   41    21   43    51    12  24    34    34   39    29    30    32    54   25   44            119    11    30
10            34    41   32    30   52    44    17  20    40    24   35    27    36    50    46   29   24            139     9    21
11            45    39   12    40   79    35    20  34    61    60   21    25    26    37    22   21   32             86    27    28
12            32    24   25    47   79    30    13  36    48    55   38    39    21    33    41   25   27             74    39    24
13            13    62   39    44   65    21    19  23    36    63   61    45    33    43    17   34   41             38    30    23
14             7    49   13    42   39    34    11  26    56    54   99    35    32    31    25   49   35             24    47    42
15            12    34   18    40   71    27     7  31    30    52   74    55    32    34    27   60   26              3    57    60
16             5    12   35    28   60    50     7  14    52    56   86    29    29    51    29   68   12              8    49    70
17            26    29   25    49   16    20     3  17    40    22   71    29    20    44    42  114   20              2    83    78
18             6    27   18    31   31    27     4   3    10    11   48    40    58    74    16  128   41              0   114    63
19             0     1    2    10   11    12    14  22    24    24   24    26    26    38    48   48   60             83   137   140

Processed Vote Counts Table:
Candidates  2652  1012  722  2011  763  1670  2090   63  2567  2190  685  2508  2208  2816  1318  807  393  NullCandidate  2009  2216
Stage                                                                                                                                
0             82    27   64    95    7    50    33   48     2    30    0    36    46    16    73   19   88              0    12    22
1            186    55   86   115   11   111   132   93    58    68    3    69    78    56   119   32  170              0    28    30
2            228    96  134   156   36   152   294  153   116    82    8   122   117    72   159   50  192              0    42    41
3            270   151  186   213   70   208   386  199   138   116   34   182   168   104   203   58  215              1    48    50
4            324   192  235   235  110   250   465  282   150   156   64   223   237   138   233   72  247              4    56    77
5            405   249  285   258  149   286   532  333   195   182   81   256   292   177   268   83  281             15    84    89
6            459   297  346   307  167   313   577  378   246   219  107   292   323   215   308  110  326             42   105   113
7            514   343  422   341  178   339   603  440   286   245  129   334   359   258   345  132  370             93   128   141
8            542   383  490   368  204   399   623  500   319   295  154   371   407   283   383  149  388            174   147   171
9            570   432  531   389  247   450   635  524   353   329  193   400   437   315   437  174  432            293   158   201
10           604   473  563   419  299   494   652  544   393   353  228   427   473   365   483  203  456            432   167   222
11           649   512  575   459  378   529   672  578   454   413  249   452   499   402   505  224  488            518   194   250
12           681   536  600   506  457   559   685  614   502   468  287   491   520   435   546  249  515            592   233   274
13           694   598  639   550  522   580   704  637   538   531  348   536   553   478   563  283  556            630   263   297
14           701   647  652   592  561   614   715  663   594   585  447   571   585   509   588  332  591            654   310   339
15           713   681  670   632  632   641   722  694   624   637  521   626   617   543   615  392  617            657   367   399
16           718   693  705   660  692   691   729  708   676   693  607   655   646   594   644  460  629            665   416   469
17           744   722  730   709  708   711   732  725   716   715  678   684   666   638   686  574  649            667   499   547
18           750   749  748   740  739   738   736  728   726   726  726   724   724   712   702  702  690            667   613   610
19           750   750  750   750  750   750   750  750   750   750  750   750   750   750   750  750  750            750   750   750

Score(%) of Candidates Table:
Candidates        2652        1012         722        2011         763        1670        2090          63        2567        2190         685        2508        2208        2816        1318         807         393  NullCandidate        2009        2216
Stage                                                                                                                                                                                                                                                        
0            10.933333    3.600000    8.533333   12.666667    0.933333    6.666667    4.400000    6.400000    0.266667    4.000000    0.000000    4.800000    6.133333    2.133333    9.733333    2.533333   11.733333       0.000000    1.600000    2.933333
1            24.800000    7.333333   11.466667   15.333333    1.466667   14.800000   17.600000   12.400000    7.733333    9.066667    0.400000    9.200000   10.400000    7.466667   15.866667    4.266667   22.666667       0.000000    3.733333    4.000000
2            30.400000   12.800000   17.866667   20.800000    4.800000   20.266667   39.200000   20.400000   15.466667   10.933333    1.066667   16.266667   15.600000    9.600000   21.200000    6.666667   25.600000       0.000000    5.600000    5.466667
3            36.000000   20.133333   24.800000   28.400000    9.333333   27.733333   51.466667   26.533333   18.400000   15.466667    4.533333   24.266667   22.400000   13.866667   27.066667    7.733333   28.666667       0.133333    6.400000    6.666667
4            43.200000   25.600000   31.333333   31.333333   14.666667   33.333333   62.000000   37.600000   20.000000   20.800000    8.533333   29.733333   31.600000   18.400000   31.066667    9.600000   32.933333       0.533333    7.466667   10.266667
5            54.000000   33.200000   38.000000   34.400000   19.866667   38.133333   70.933333   44.400000   26.000000   24.266667   10.800000   34.133333   38.933333   23.600000   35.733333   11.066667   37.466667       2.000000   11.200000   11.866667
6            61.200000   39.600000   46.133333   40.933333   22.266667   41.733333   76.933333   50.400000   32.800000   29.200000   14.266667   38.933333   43.066667   28.666667   41.066667   14.666667   43.466667       5.600000   14.000000   15.066667
7            68.533333   45.733333   56.266667   45.466667   23.733333   45.200000   80.400000   58.666667   38.133333   32.666667   17.200000   44.533333   47.866667   34.400000   46.000000   17.600000   49.333333      12.400000   17.066667   18.800000
8            72.266667   51.066667   65.333333   49.066667   27.200000   53.200000   83.066667   66.666667   42.533333   39.333333   20.533333   49.466667   54.266667   37.733333   51.066667   19.866667   51.733333      23.200000   19.600000   22.800000
9            76.000000   57.600000   70.800000   51.866667   32.933333   60.000000   84.666667   69.866667   47.066667   43.866667   25.733333   53.333333   58.266667   42.000000   58.266667   23.200000   57.600000      39.066667   21.066667   26.800000
10           80.533333   63.066667   75.066667   55.866667   39.866667   65.866667   86.933333   72.533333   52.400000   47.066667   30.400000   56.933333   63.066667   48.666667   64.400000   27.066667   60.800000      57.600000   22.266667   29.600000
11           86.533333   68.266667   76.666667   61.200000   50.400000   70.533333   89.600000   77.066667   60.533333   55.066667   33.200000   60.266667   66.533333   53.600000   67.333333   29.866667   65.066667      69.066667   25.866667   33.333333
12           90.800000   71.466667   80.000000   67.466667   60.933333   74.533333   91.333333   81.866667   66.933333   62.400000   38.266667   65.466667   69.333333   58.000000   72.800000   33.200000   68.666667      78.933333   31.066667   36.533333
13           92.533333   79.733333   85.200000   73.333333   69.600000   77.333333   93.866667   84.933333   71.733333   70.800000   46.400000   71.466667   73.733333   63.733333   75.066667   37.733333   74.133333      84.000000   35.066667   39.600000
14           93.466667   86.266667   86.933333   78.933333   74.800000   81.866667   95.333333   88.400000   79.200000   78.000000   59.600000   76.133333   78.000000   67.866667   78.400000   44.266667   78.800000      87.200000   41.333333   45.200000
15           95.066667   90.800000   89.333333   84.266667   84.266667   85.466667   96.266667   92.533333   83.200000   84.933333   69.466667   83.466667   82.266667   72.400000   82.000000   52.266667   82.266667      87.600000   48.933333   53.200000
16           95.733333   92.400000   94.000000   88.000000   92.266667   92.133333   97.200000   94.400000   90.133333   92.400000   80.933333   87.333333   86.133333   79.200000   85.866667   61.333333   83.866667      88.666667   55.466667   62.533333
17           99.200000   96.266667   97.333333   94.533333   94.400000   94.800000   97.600000   96.666667   95.466667   95.333333   90.400000   91.200000   88.800000   85.066667   91.466667   76.533333   86.533333      88.933333   66.533333   72.933333
18          100.000000   99.866667   99.733333   98.666667   98.533333   98.400000   98.133333   97.066667   96.800000   96.800000   96.800000   96.533333   96.533333   94.933333   93.600000   93.600000   92.000000      88.933333   81.733333   81.333333
19          100.000000  100.000000  100.000000  100.000000  100.000000  100.000000  100.000000  100.000000  100.000000  100.000000  100.000000  100.000000  100.000000  100.000000  100.000000  100.000000  100.000000     100.000000  100.000000  100.000000

                                                 winner  winStage         validStages
algorithm                                                                            
MinEntropyWeightedSumWins<α=0>                       63       NaN                 NaN
MinEntropyWeightedSumWins<α=0.5>                     63       NaN                 NaN
MinEntropyWeightedSumWins2<α=0>                      63       NaN                 NaN
MinEntropyWeightedSumWins2<α=0.5>                    63       NaN                 NaN
MaxVarianceWeightedSumWins<α=0>                    2090       NaN                 NaN
MaxVarianceWeightedSumWins<α=0.5>                  2090       NaN                 NaN
MaxStandardDeviationWeightedSumWins<α=0>           2090       NaN                 NaN
MaxStandardDeviationWeightedSumWins<α=0.5>         2090       NaN                 NaN
MyVoteSys <α=0.50, β=0.33, γ=____, MinEntropy>     2090       3.0  [3, 4, 5, 6, 7, 8]
MyVoteSys <α=0.50, β=0.33, γ=____, MaxVariance>    2090       3.0  [3, 4, 5, 6, 7, 8]
MyVoteSys <α=0.50, β=0.33, γ=____, MaxStDev>       2090       3.0  [3, 4, 5, 6, 7, 8] 

Last Election Candidates:
                        y
Candidates               
2009          -299.468542
2216          -238.400873
807           -209.499870
685           -197.423904
2816           -91.767989
763            -82.848946
2190           -49.943198
2011            -5.245254
NullCandidate   -3.467414
2208            -0.809656
2508            10.737162
2567            22.067054
1670            30.982532
1318            51.443322
1012            56.514917
393             82.419543
722            113.689808
63             125.221486
2652           132.309447
2090           200.927754

Voters Validation Mean Squared Error:
[16668.59, 15912.05, 14803.69, 16756.1, 15358.68, 16690.15, 16622.44, 15794.93, 15945.09, 17427.04, 17118.29, 15784.8, 15707.5, 15572.49, 15638.34, 15248.63, 16666.15, 14878.99, 16207.06, 16840.99, 15819.41, 15206.79, 16227.55, 15186.42, 16010.77, 16498.08, 15007.03, 15707.33, 16639.75, 15798.27, 15687.17, 16528.31, 16983.09, 15630.72, 16492.51, 15375.6, 16237.24, 16978.12, 16648.66, 15850.3, 17708.26, 15518.88, 16542.29, 15699.88, 15329.5, 15560.35, 16249.97, 16485.09, 16981.05, 14774.51, 16358.62, 16738.28, 16493.53, 15695.52, 16778.08, 17267.94, 15429.12, 16463.85, 15413.67, 15484.46, 16625.73, 15055.13, 15121.28, 14914.99, 15597.81, 14944.23, 16146.62, 16260.46, 15625.71, 16233.96, 15747.12, 15968.45, 15865.72, 16024.13, 15704.43, 16248.16, 15541.07, 15599.3, 16518.9, 15145.26, 16547.15, 15746.99, 15928.22, 15024.76, 15363.76, 16222.21, 15818.99, 14801.13, 16314.37, 16556.06, 14354.38, 15968.57, 16029.39, 16831.14, 15679.6, 15330.4, 15648.13, 15270.86, 16579.49, 15137.33, 16297.06, 16490.28, 16926.75, 16120.54, 16431.84, 14525.04, 15115.29, 16211.48, 16427.48, 15362.15, 16947.12, 15754.7, 15912.89, 16827.83, 15866.27, 16437.29, 17231.99, 15707.29, 16305.38, 15703.3, 16942.43, 16153.2, 14877.85, 15564.55, 15878.88, 15440.56, 16690.17, 14841.83, 15757.59, 16132.7, 16831.76, 17036.4, 16221.35, 15566.06, 15697.03, 15604.35, 16203.38, 14473.63, 16141.69, 15967.69, 15484.08, 16034.37, 17305.69, 16152.88, 16276.31, 16414.67, 15878.81, 16177.69, 15891.12, 15855.41, 15825.6, 16952.86, 15934.74, 15939.34, 14988.13, 15756.3, 15608.57, 16092.2, 16314.65, 15775.65, 15893.53, 15910.3, 16236.71, 15968.07, 16690.12, 16177.09, 16264.3, 15537.24, 16033.66, 15381.46, 16316.96, 16517.5, 17322.96, 14778.35, 17006.76, 15858.76, 15854.28, 16088.4, 16571.29, 16094.83, 14929.68, 15622.33, 15915.03, 15556.94, 16507.0, 15908.76, 15901.98, 15911.53, 16353.35, 16550.74, 16378.86, 15343.65, 16906.58, 14099.75, 15880.93, 16844.97, 15378.91, 15839.5, 15500.64, 15939.21, 16935.79, 15823.24, 15770.41, 15978.58, 14250.04, 16732.16, 15733.84, 15516.6, 16495.84, 15262.25, 15879.03, 16719.53, 14987.12, 17176.25, 16067.23, 16845.83, 15280.35, 14972.81, 16085.12, 14939.94, 16126.05, 15988.88, 15966.44, 16073.41, 16197.4, 16077.57, 16460.93, 14852.95, 16811.35, 15836.21, 15450.25, 16233.15, 16002.86, 15259.17, 16983.22, 16818.17, 14764.51, 15578.84, 16462.24, 15611.71, 15735.48, 15868.03, 17302.83, 15117.93, 15420.44, 16065.82, 15966.55, 16063.99, 15758.09, 16580.57, 17645.53, 16743.49, 16673.81, 15833.99, 16614.13, 14831.85, 16682.66, 16390.8, 16409.43, 15899.64, 17029.17, 16038.6, 15631.23, 15681.95, 15793.17, 15772.89, 15848.44, 14860.93, 16055.14, 16954.84, 15856.16, 15155.41, 15114.84, 16542.3, 16049.39, 16115.47, 16520.84, 15506.58, 16033.56, 15939.13, 15949.37, 15312.81, 17942.02, 16703.9, 16269.58, 16271.16, 16726.84, 15830.07, 15302.44, 15708.38, 15292.12, 15084.81, 16061.91, 17050.03, 15838.95, 16517.03, 15336.55, 15686.21, 15578.09, 16375.34, 17108.85, 17168.84, 15613.66, 17004.81, 16311.99, 16303.35, 15298.65, 17300.0, 15445.98, 15839.54, 16234.01, 16027.44, 15758.16, 16557.83, 16140.97, 15924.53, 16299.36, 16050.99, 16719.31, 15374.01, 17330.53, 17036.01, 16629.72, 16728.29, 16046.44, 15914.44, 14649.99, 15539.16, 16297.08, 15860.69, 16244.73, 15969.06, 17209.42, 16446.82, 15511.69, 16364.26, 16218.12, 15331.44, 16111.98, 15121.29, 15429.18, 15513.25, 15607.72, 15701.21, 16457.62, 17065.82, 16080.45, 16382.72, 16502.15, 16339.78, 15126.18, 15973.4, 15173.0, 15373.04, 16823.86, 15151.28, 15767.66, 15234.08, 16244.7, 16244.84, 16289.87, 16822.78, 16660.37, 16672.03, 16550.2, 16877.15, 15370.31, 16872.72, 15102.11, 16135.16, 15546.0, 15833.94, 17124.31, 15979.37, 15973.3, 15511.69, 15117.36, 15684.43, 16528.79, 15553.14, 14548.86, 15846.29, 15943.23, 15759.08, 17484.05, 15684.33, 15984.41, 16347.53, 15796.26, 16501.92, 15229.71, 15602.76, 16769.7, 16591.22, 15933.02, 15744.15, 14714.48, 14992.3, 16290.24, 16356.14, 15232.03, 16117.02, 15961.45, 16332.97, 15419.55, 15882.38, 15554.53, 16133.16, 16680.86, 16548.85, 16477.25, 15587.14, 16776.72, 16847.18, 15918.64, 15407.37, 17276.64, 15781.6, 15611.01, 15179.14, 15344.23, 15665.17, 15853.18, 16086.23, 15655.12, 15964.94, 16117.91, 16161.78, 16149.96, 15660.86, 15531.32, 16735.46, 15921.49, 15378.66, 16218.22, 15499.01, 16197.11, 16445.4, 17699.2, 15400.7, 15665.9, 16646.16, 15833.74, 15297.3, 16247.24, 15836.64, 16126.67, 15388.18, 16115.42, 16727.65, 15220.92, 16613.61, 16018.05, 15083.77, 15951.04, 16036.72, 16025.4, 16175.75, 16000.81, 15952.08, 15977.61, 15646.66, 16852.99, 15875.42, 16615.75, 15414.21, 13872.3, 16380.54, 16408.64, 15478.63, 15991.99, 15772.9, 14941.31, 15919.71, 16272.62, 16438.73, 15868.21, 17147.96, 15826.46, 16269.46, 16128.29, 15873.0, 15948.03, 16351.6, 16444.56, 16137.22, 16653.77, 15243.05, 14997.61, 16273.66, 15669.78, 16145.74, 15305.12, 15710.21, 16197.65, 15975.71, 14629.22, 14799.39, 15599.82, 16820.63, 15916.41, 15842.23, 15160.25, 17133.62, 16688.12, 15539.08, 15068.48, 16510.55, 15525.03, 15839.74, 15717.05, 15342.58, 16728.54, 16898.39, 14950.73, 16305.58, 16081.0, 15952.37, 15131.18, 16525.6, 15845.23, 16360.55, 16409.34, 16412.6, 16781.92, 16565.54, 16554.64, 15776.23, 16835.38, 15998.18, 15409.21, 16850.37, 15349.08, 16380.15, 16060.57, 15557.28, 16702.75, 16060.83, 16663.91, 16439.52, 16971.72, 16351.67, 15194.88, 16592.01, 14911.04, 15735.05, 15958.55, 16265.48, 17107.95, 16384.41, 16371.56, 15998.17, 15336.29, 15208.44, 16499.47, 15695.04, 15552.67, 16711.69, 15608.49, 16055.01, 15362.56, 16018.45, 16630.7, 15584.76, 15930.21, 15459.6, 15804.56, 15543.85, 15602.85, 16579.17, 15545.32, 16732.49, 15966.44, 16050.87, 17339.42, 16418.99, 16116.7, 16388.7, 17059.08, 15879.26, 16300.82, 15545.83, 15866.13, 15789.1, 16123.81, 16822.51, 15508.9, 15791.62, 16409.47, 16506.98, 16170.55, 14905.63, 15593.58, 16523.96, 15260.23, 15372.84, 15598.5, 15719.8, 16151.32, 16948.33, 16352.9, 15429.9, 14836.69, 16207.93, 16849.42, 16431.92, 15766.81, 16190.78, 16625.04, 16599.24, 15548.68, 15576.15, 15800.67, 17295.95, 16656.72, 15404.15, 15716.59, 15200.78, 15786.21, 16067.86, 15448.25, 15152.09, 16655.17, 15454.13, 17406.16, 15931.71, 15308.88, 15711.19, 15238.58, 16929.14, 15808.22, 17098.87, 16499.48, 16041.92, 15504.4, 16561.0, 16876.19, 17296.69, 16706.88, 16009.24, 16261.31, 16592.05, 15560.29, 15175.28, 16266.51, 14759.25, 16283.6, 15803.82, 16877.1, 15087.69, 16403.83, 15377.52, 16139.22, 16008.08, 15769.07, 16411.13, 15550.36, 15460.92, 15972.25, 16727.82, 15504.06, 15764.48, 15952.15, 15648.17, 16029.46, 16548.26, 15476.74, 16431.38, 15523.83, 16348.04, 16155.51, 15196.98, 16991.29, 15014.51, 15511.85, 14431.67, 15739.14, 16757.98, 15741.89, 17034.03, 16325.33, 17169.23, 15602.98, 15695.45, 16679.09, 15482.94, 15126.06, 15232.72, 15828.58, 15112.74, 16200.97, 16052.05, 15144.92, 15098.55, 16767.38, 16311.89, 15977.47, 15472.49, 15201.93, 15929.09, 16103.21, 15741.67, 15549.47, 15974.51, 15765.18, 14856.01, 16867.33, 16490.72, 15822.22, 15600.66, 16701.52, 15901.8, 16397.85, 16230.07, 16631.03, 14711.92, 16848.34, 16010.98, 15851.65, 15818.95, 16535.47, 16087.01, 16052.5, 16761.92, 16224.88, 15542.96, 14720.82, 16155.77, 16182.59, 15514.93, 15681.67, 16609.85, 15661.51, 16513.11, 15108.63, 15194.72, 15501.46, 15729.81, 16277.45, 15534.87, 16809.3, 15225.04, 15997.67, 15770.0, 16144.71, 15636.52, 16894.45, 16953.32, 16659.12, 16258.48]

Voters Validation Mean Error:
[129.11, 126.14, 121.67, 129.45, 123.93, 129.19, 128.93, 125.68, 126.27, 132.01, 130.84, 125.64, 125.33, 124.79, 125.05, 123.49, 129.1, 121.98, 127.31, 129.77, 125.78, 123.32, 127.39, 123.23, 126.53, 128.44, 122.5, 125.33, 129.0, 125.69, 125.25, 128.56, 130.32, 125.02, 128.42, 124.0, 127.43, 130.3, 129.03, 125.9, 133.07, 124.57, 128.62, 125.3, 123.81, 124.74, 127.48, 128.39, 130.31, 121.55, 127.9, 129.38, 128.43, 125.28, 129.53, 131.41, 124.21, 128.31, 124.15, 124.44, 128.94, 122.7, 122.97, 122.13, 124.89, 122.25, 127.07, 127.52, 125.0, 127.41, 125.49, 126.37, 125.96, 126.59, 125.32, 127.47, 124.66, 124.9, 128.53, 123.07, 128.64, 125.49, 126.21, 122.58, 123.95, 127.37, 125.77, 121.66, 127.73, 128.67, 119.81, 126.37, 126.61, 129.73, 125.22, 123.82, 125.09, 123.58, 128.76, 123.03, 127.66, 128.41, 130.1, 126.97, 128.19, 120.52, 122.94, 127.32, 128.17, 123.94, 130.18, 125.52, 126.15, 129.72, 125.96, 128.21, 131.27, 125.33, 127.69, 125.31, 130.16, 127.1, 121.97, 124.76, 126.01, 124.26, 129.19, 121.83, 125.53, 127.01, 129.74, 130.52, 127.36, 124.76, 125.29, 124.92, 127.29, 120.31, 127.05, 126.36, 124.44, 126.63, 131.55, 127.09, 127.58, 128.12, 126.01, 127.19, 126.06, 125.92, 125.8, 130.2, 126.23, 126.25, 122.43, 125.52, 124.93, 126.86, 127.73, 125.6, 126.07, 126.14, 127.42, 126.36, 129.19, 127.19, 127.53, 124.65, 126.62, 124.02, 127.74, 128.52, 131.62, 121.57, 130.41, 125.93, 125.91, 126.84, 128.73, 126.87, 122.19, 124.99, 126.15, 124.73, 128.48, 126.13, 126.1, 126.14, 127.88, 128.65, 127.98, 123.87, 130.03, 118.74, 126.02, 129.79, 124.01, 125.86, 124.5, 126.25, 130.14, 125.79, 125.58, 126.41, 119.37, 129.35, 125.43, 124.57, 128.44, 123.54, 126.01, 129.3, 122.42, 131.06, 126.76, 129.79, 123.61, 122.36, 126.83, 122.23, 126.99, 126.45, 126.36, 126.78, 127.27, 126.8, 128.3, 121.87, 129.66, 125.84, 124.3, 127.41, 126.5, 123.53, 130.32, 129.68, 121.51, 124.82, 128.31, 124.95, 125.44, 125.97, 131.54, 122.95, 124.18, 126.75, 126.36, 126.74, 125.53, 128.77, 132.84, 129.4, 129.13, 125.83, 128.9, 121.79, 129.16, 128.03, 128.1, 126.09, 130.5, 126.64, 125.02, 125.23, 125.67, 125.59, 125.89, 121.91, 126.71, 130.21, 125.92, 123.11, 122.94, 128.62, 126.69, 126.95, 128.53, 124.53, 126.62, 126.25, 126.29, 123.74, 133.95, 129.24, 127.55, 127.56, 129.33, 125.82, 123.7, 125.33, 123.66, 122.82, 126.74, 130.58, 125.85, 128.52, 123.84, 125.24, 124.81, 127.97, 130.8, 131.03, 124.95, 130.4, 127.72, 127.68, 123.69, 131.53, 124.28, 125.86, 127.41, 126.6, 125.53, 128.68, 127.05, 126.19, 127.67, 126.69, 129.3, 123.99, 131.65, 130.52, 128.96, 129.34, 126.67, 126.15, 121.04, 124.66, 127.66, 125.94, 127.45, 126.37, 131.18, 128.25, 124.55, 127.92, 127.35, 123.82, 126.93, 122.97, 124.21, 124.55, 124.93, 125.3, 128.29, 130.64, 126.81, 127.99, 128.46, 127.83, 122.99, 126.39, 123.18, 123.99, 129.71, 123.09, 125.57, 123.43, 127.45, 127.46, 127.63, 129.7, 129.08, 129.12, 128.65, 129.91, 123.98, 129.9, 122.89, 127.02, 124.68, 125.83, 130.86, 126.41, 126.39, 124.55, 122.95, 125.24, 128.56, 124.71, 120.62, 125.88, 126.27, 125.54, 132.23, 125.24, 126.43, 127.86, 125.68, 128.46, 123.41, 124.91, 129.5, 128.81, 126.23, 125.48, 121.3, 122.44, 127.63, 127.89, 123.42, 126.95, 126.34, 127.8, 124.18, 126.03, 124.72, 127.02, 129.15, 128.64, 128.36, 124.85, 129.52, 129.8, 126.17, 124.13, 131.44, 125.62, 124.94, 123.2, 123.87, 125.16, 125.91, 126.83, 125.12, 126.35, 126.96, 127.13, 127.08, 125.14, 124.62, 129.37, 126.18, 124.01, 127.35, 124.5, 127.27, 128.24, 133.04, 124.1, 125.16, 129.02, 125.83, 123.68, 127.46, 125.84, 126.99, 124.05, 126.95, 129.34, 123.37, 128.89, 126.56, 122.82, 126.3, 126.64, 126.59, 127.18, 126.49, 126.3, 126.4, 125.09, 129.82, 126.0, 128.9, 124.15, 117.78, 127.99, 128.1, 124.41, 126.46, 125.59, 122.23, 126.17, 127.56, 128.21, 125.97, 130.95, 125.8, 127.55, 127.0, 125.99, 126.29, 127.87, 128.24, 127.03, 129.05, 123.46, 122.46, 127.57, 125.18, 127.07, 123.71, 125.34, 127.27, 126.4, 120.95, 121.65, 124.9, 129.69, 126.16, 125.87, 123.13, 130.9, 129.18, 124.66, 122.75, 128.49, 124.6, 125.86, 125.37, 123.87, 129.34, 129.99, 122.27, 127.69, 126.81, 126.3, 123.01, 128.55, 125.88, 127.91, 128.1, 128.11, 129.55, 128.71, 128.66, 125.6, 129.75, 126.48, 124.13, 129.81, 123.89, 127.98, 126.73, 124.73, 129.24, 126.73, 129.09, 128.22, 130.28, 127.87, 123.27, 128.81, 122.11, 125.44, 126.33, 127.54, 130.8, 128.0, 127.95, 126.48, 123.84, 123.32, 128.45, 125.28, 124.71, 129.27, 124.93, 126.71, 123.95, 126.56, 128.96, 124.84, 126.21, 124.34, 125.72, 124.67, 124.91, 128.76, 124.68, 129.35, 126.36, 126.69, 131.68, 128.14, 126.95, 128.02, 130.61, 126.01, 127.67, 124.68, 125.96, 125.65, 126.98, 129.7, 124.53, 125.66, 128.1, 128.48, 127.16, 122.09, 124.87, 128.55, 123.53, 123.99, 124.89, 125.38, 127.09, 130.19, 127.88, 124.22, 121.81, 127.31, 129.81, 128.19, 125.57, 127.24, 128.94, 128.84, 124.69, 124.8, 125.7, 131.51, 129.06, 124.11, 125.37, 123.29, 125.64, 126.76, 124.29, 123.09, 129.05, 124.31, 131.93, 126.22, 123.73, 125.34, 123.44, 130.11, 125.73, 130.76, 128.45, 126.66, 124.52, 128.69, 129.91, 131.52, 129.26, 126.53, 127.52, 128.81, 124.74, 123.19, 127.54, 121.49, 127.61, 125.71, 129.91, 122.83, 128.08, 124.01, 127.04, 126.52, 125.57, 128.11, 124.7, 124.34, 126.38, 129.34, 124.52, 125.56, 126.3, 125.09, 126.61, 128.64, 124.41, 128.18, 124.59, 127.86, 127.1, 123.28, 130.35, 122.53, 124.55, 120.13, 125.46, 129.45, 125.47, 130.51, 127.77, 131.03, 124.91, 125.28, 129.15, 124.43, 122.99, 123.42, 125.81, 122.93, 127.28, 126.7, 123.06, 122.88, 129.49, 127.72, 126.4, 124.39, 123.3, 126.21, 126.9, 125.47, 124.7, 126.39, 125.56, 121.89, 129.87, 128.42, 125.79, 124.9, 129.23, 126.1, 128.05, 127.4, 128.96, 121.29, 129.8, 126.53, 125.9, 125.77, 128.59, 126.83, 126.7, 129.47, 127.38, 124.67, 121.33, 127.11, 127.21, 124.56, 125.23, 128.88, 125.15, 128.5, 122.92, 123.27, 124.5, 125.42, 127.58, 124.64, 129.65, 123.39, 126.48, 125.58, 127.06, 125.05, 129.98, 130.2, 129.07, 127.51]

numCandiates : 20
numVoters : 750
numElections : 750
columnBlindness : 8
epochs : 166
trainableLayerCount : 1
crowdBuildMethod : {'name': 'standardDistribution', 'mean': 16000, 'standardDeviation': 666}
dataSetName : mySynthetic
predictedFeature : y

========= SIMULATION RESULTS ========
Metrics                                          meanWinnerRank  rateTrueWinners  rateWinner<NULL
Algorithms                                                                                       
MaxVarianceWeightedSumWins<α=0>                        1.426667         0.700000         0.001333
MaxStandardDeviationWeightedSumWins<α=0>               1.436000         0.698667         0.001333
MyVoteSys <α=0.50, β=0.33, γ=____, MaxStDev>           1.474667         0.674667         0.001333
MyVoteSys <α=0.50, β=0.33, γ=____, MaxVariance>        1.474667         0.674667         0.001333
MyVoteSys <α=0.50, β=0.33, γ=____, MinEntropy>         1.481333         0.670667         0.001333
MaxVarianceWeightedSumWins<α=0.5>                      1.489333         0.681333         0.001333
MaxStandardDeviationWeightedSumWins<α=0.5>             1.522667         0.670667         0.001333
MinEntropyWeightedSumWins<α=0>                         7.550667         0.084000         0.310667
MinEntropyWeightedSumWins2<α=0>                        7.550667         0.084000         0.310667
MinEntropyWeightedSumWins2<α=0.5>                      7.566667         0.084000         0.313333
MinEntropyWeightedSumWins<α=0.5>                       7.566667         0.084000         0.313333

