
===== Last Election voting process ======

Stamp Counts Table:
Candidates  1801  1560  1336  2646  2925  2027  1378  911  2031  2600  1025  1565  NullCandidate  1069  1186  373  920  1285  2369  856
Stage                                                                                                                                  
0              1   105    12    23   133   108    69    0    14    41    90    21              0    52    32    0    0     0     5   44
1             63    92    15    13   147    63    40   28     8    61    26    12              0    40    54    2    4    22    30   30
2             69    77    18    26    78    29    77   11    31    44    35    31              0    36    26   50   19    37    42   14
3            105    57    12    32    57    45    29   22    23    40    51    39              0    45    20   52   27    19    42   33
4             70    69    30    60    68    48    43    6    37    53    63    18              3    34    21   53    5    18    27   24
5             78    63    24   125    29    33    48   17    48    43    31     5              9    45    36   27   16    23    18   32
6             51    44    33    90    20    40    37   32    50    19    39    19             59    48    35   33   10    34    12   45
7             48    41    19    62    17    43    33   23    33    28    42    32             91    39    59   39   21    33    21   26
8             51    26    14    51    23    38    47   37    37    21    25    24            126    30    40   28   26    34    41   31
9             34    30    22    40    13    34    41   23    31    29    21    14            123    36    49   52   45    44    42   27
10            32    20    33    44    23    23    28   25    61    40    13    27            129    24    52   37   35    45    20   39
11            33    43    22    50    18    21    46   34    34    59    14    16             74    51    52   35   43    62    22   21
12            35    17    61    20    27    25    63   24    67    35    23    42             73    51    26   34   31    33    20   43
13            20    12    78    44    30    13    24   48    58    38    92    51             14    12    43   29   43    32    30   39
14            16    22    24    24    21     8    20   56   110    42    53    45              8    40    25   56   40    19    66   55
15             9    18    60    15    19    43    31   87    45    28    37   103              1    51    29   25   21    40    57   31
16             9     0   131    15     8    15    26   89    29    35    35    48              0    26    26   66   70    59    38   25
17            26     3    83     5     4    72    16   44    12    41    28   108              0    19    27   39  120    51    36   16
18             0    11    53     3     7    34    16  127     3    33     5    67              0    30    49   39  106    43    78   46
19             0     0     6     8     8    15    16   17    19    20    27    28             40    41    49   54   68   102   103  129

Processed Vote Counts Table:
Candidates  1801  1560  1336  2646  2925  2027  1378  911  2031  2600  1025  1565  NullCandidate  1069  1186  373  920  1285  2369  856
Stage                                                                                                                                  
0              1   105    12    23   133   108    69    0    14    41    90    21              0    52    32    0    0     0     5   44
1             64   197    27    36   280   171   109   28    22   102   116    33              0    92    86    2    4    22    35   74
2            133   274    45    62   358   200   186   39    53   146   151    64              0   128   112   52   23    59    77   88
3            238   331    57    94   415   245   215   61    76   186   202   103              0   173   132  104   50    78   119  121
4            308   400    87   154   483   293   258   67   113   239   265   121              3   207   153  157   55    96   146  145
5            386   463   111   279   512   326   306   84   161   282   296   126             12   252   189  184   71   119   164  177
6            437   507   144   369   532   366   343  116   211   301   335   145             71   300   224  217   81   153   176  222
7            485   548   163   431   549   409   376  139   244   329   377   177            162   339   283  256  102   186   197  248
8            536   574   177   482   572   447   423  176   281   350   402   201            288   369   323  284  128   220   238  279
9            570   604   199   522   585   481   464  199   312   379   423   215            411   405   372  336  173   264   280  306
10           602   624   232   566   608   504   492  224   373   419   436   242            540   429   424  373  208   309   300  345
11           635   667   254   616   626   525   538  258   407   478   450   258            614   480   476  408  251   371   322  366
12           670   684   315   636   653   550   601  282   474   513   473   300            687   531   502  442  282   404   342  409
13           690   696   393   680   683   563   625  330   532   551   565   351            701   543   545  471  325   436   372  448
14           706   718   417   704   704   571   645  386   642   593   618   396            709   583   570  527  365   455   438  503
15           715   736   477   719   723   614   676  473   687   621   655   499            710   634   599  552  386   495   495  534
16           724   736   608   734   731   629   702  562   716   656   690   547            710   660   625  618  456   554   533  559
17           750   739   691   739   735   701   718  606   728   697   718   655            710   679   652  657  576   605   569  575
18           750   750   744   742   742   735   734  733   731   730   723   722            710   709   701  696  682   648   647  621
19           750   750   750   750   750   750   750  750   750   750   750   750            750   750   750  750  750   750   750  750

Score(%) of Candidates Table:
Candidates        1801        1560        1336        2646        2925        2027        1378         911        2031        2600        1025        1565  NullCandidate        1069        1186         373         920        1285        2369         856
Stage                                                                                                                                                                                                                                                        
0             0.133333   14.000000    1.600000    3.066667   17.733333   14.400000    9.200000    0.000000    1.866667    5.466667   12.000000    2.800000       0.000000    6.933333    4.266667    0.000000    0.000000    0.000000    0.666667    5.866667
1             8.533333   26.266667    3.600000    4.800000   37.333333   22.800000   14.533333    3.733333    2.933333   13.600000   15.466667    4.400000       0.000000   12.266667   11.466667    0.266667    0.533333    2.933333    4.666667    9.866667
2            17.733333   36.533333    6.000000    8.266667   47.733333   26.666667   24.800000    5.200000    7.066667   19.466667   20.133333    8.533333       0.000000   17.066667   14.933333    6.933333    3.066667    7.866667   10.266667   11.733333
3            31.733333   44.133333    7.600000   12.533333   55.333333   32.666667   28.666667    8.133333   10.133333   24.800000   26.933333   13.733333       0.000000   23.066667   17.600000   13.866667    6.666667   10.400000   15.866667   16.133333
4            41.066667   53.333333   11.600000   20.533333   64.400000   39.066667   34.400000    8.933333   15.066667   31.866667   35.333333   16.133333       0.400000   27.600000   20.400000   20.933333    7.333333   12.800000   19.466667   19.333333
5            51.466667   61.733333   14.800000   37.200000   68.266667   43.466667   40.800000   11.200000   21.466667   37.600000   39.466667   16.800000       1.600000   33.600000   25.200000   24.533333    9.466667   15.866667   21.866667   23.600000
6            58.266667   67.600000   19.200000   49.200000   70.933333   48.800000   45.733333   15.466667   28.133333   40.133333   44.666667   19.333333       9.466667   40.000000   29.866667   28.933333   10.800000   20.400000   23.466667   29.600000
7            64.666667   73.066667   21.733333   57.466667   73.200000   54.533333   50.133333   18.533333   32.533333   43.866667   50.266667   23.600000      21.600000   45.200000   37.733333   34.133333   13.600000   24.800000   26.266667   33.066667
8            71.466667   76.533333   23.600000   64.266667   76.266667   59.600000   56.400000   23.466667   37.466667   46.666667   53.600000   26.800000      38.400000   49.200000   43.066667   37.866667   17.066667   29.333333   31.733333   37.200000
9            76.000000   80.533333   26.533333   69.600000   78.000000   64.133333   61.866667   26.533333   41.600000   50.533333   56.400000   28.666667      54.800000   54.000000   49.600000   44.800000   23.066667   35.200000   37.333333   40.800000
10           80.266667   83.200000   30.933333   75.466667   81.066667   67.200000   65.600000   29.866667   49.733333   55.866667   58.133333   32.266667      72.000000   57.200000   56.533333   49.733333   27.733333   41.200000   40.000000   46.000000
11           84.666667   88.933333   33.866667   82.133333   83.466667   70.000000   71.733333   34.400000   54.266667   63.733333   60.000000   34.400000      81.866667   64.000000   63.466667   54.400000   33.466667   49.466667   42.933333   48.800000
12           89.333333   91.200000   42.000000   84.800000   87.066667   73.333333   80.133333   37.600000   63.200000   68.400000   63.066667   40.000000      91.600000   70.800000   66.933333   58.933333   37.600000   53.866667   45.600000   54.533333
13           92.000000   92.800000   52.400000   90.666667   91.066667   75.066667   83.333333   44.000000   70.933333   73.466667   75.333333   46.800000      93.466667   72.400000   72.666667   62.800000   43.333333   58.133333   49.600000   59.733333
14           94.133333   95.733333   55.600000   93.866667   93.866667   76.133333   86.000000   51.466667   85.600000   79.066667   82.400000   52.800000      94.533333   77.733333   76.000000   70.266667   48.666667   60.666667   58.400000   67.066667
15           95.333333   98.133333   63.600000   95.866667   96.400000   81.866667   90.133333   63.066667   91.600000   82.800000   87.333333   66.533333      94.666667   84.533333   79.866667   73.600000   51.466667   66.000000   66.000000   71.200000
16           96.533333   98.133333   81.066667   97.866667   97.466667   83.866667   93.600000   74.933333   95.466667   87.466667   92.000000   72.933333      94.666667   88.000000   83.333333   82.400000   60.800000   73.866667   71.066667   74.533333
17          100.000000   98.533333   92.133333   98.533333   98.000000   93.466667   95.733333   80.800000   97.066667   92.933333   95.733333   87.333333      94.666667   90.533333   86.933333   87.600000   76.800000   80.666667   75.866667   76.666667
18          100.000000  100.000000   99.200000   98.933333   98.933333   98.000000   97.866667   97.733333   97.466667   97.333333   96.400000   96.266667      94.666667   94.533333   93.466667   92.800000   90.933333   86.400000   86.266667   82.800000
19          100.000000  100.000000  100.000000  100.000000  100.000000  100.000000  100.000000  100.000000  100.000000  100.000000  100.000000  100.000000     100.000000  100.000000  100.000000  100.000000  100.000000  100.000000  100.000000  100.000000

                                                 winner  winStage      validStages
algorithm                                                                         
MinEntropyWeightedSumWins<α=0>                     2925       NaN              NaN
MinEntropyWeightedSumWins<α=0.5>                   2925       NaN              NaN
MinEntropyWeightedSumWins2<α=0>                     920       NaN              NaN
MinEntropyWeightedSumWins2<α=0.5>                   920       NaN              NaN
MaxVarianceWeightedSumWins<α=0>                    1560       NaN              NaN
MaxVarianceWeightedSumWins<α=0.5>                  1560       NaN              NaN
MyVoteSys <α=0.50, β=0.33, γ=____, MinEntropy>     2925       3.0  [3, 4, 5, 6, 7]
MyVoteSys <α=0.50, β=0.33, γ=____, MaxVariance>    2925       3.0  [3, 4, 5, 6, 7]
MyVoteSys <α=0.50, β=0.33, γ=____, MaxStDev>       2925       3.0  [3, 4, 5, 6, 7] 

Last Election Candidates:
                        y
Candidates               
920           -286.193976
2369          -218.033390
1336          -207.195589
911           -206.150743
1565          -178.476548
1285          -169.171556
856           -133.111458
373           -124.661064
2031           -80.598175
1186           -69.501439
1025           -53.243402
2600           -16.794804
NullCandidate   -3.467414
2646             7.888532
1069            11.495242
1378            24.432402
2027            41.512987
1801            68.170067
1560           109.274552
2925           184.116832

Voters Validation Mean Squared Error:
[17536.4, 16219.72, 15473.7, 16156.04, 17271.54, 15192.93, 15295.26, 16894.39, 16164.07, 16147.43, 16305.39, 16300.5, 16471.88, 16903.08, 16155.63, 16409.73, 16076.26, 15257.89, 16421.69, 16525.54, 15932.51, 16493.99, 15025.73, 16686.98, 15921.8, 16812.05, 14898.48, 16960.16, 16561.93, 16783.09, 15704.01, 16115.3, 15491.88, 16512.88, 15134.99, 15606.62, 16287.31, 15222.84, 15142.16, 15985.31, 15828.87, 15739.13, 15938.93, 15707.64, 16853.63, 16129.18, 17226.7, 14407.66, 15783.29, 16313.32, 15484.26, 15597.82, 17010.89, 15923.63, 15865.35, 16481.64, 15327.98, 15319.97, 16058.88, 15121.93, 14583.67, 15617.65, 15466.69, 16363.57, 17064.42, 17147.08, 15611.39, 16341.14, 16463.0, 15764.89, 17040.16, 15168.22, 16854.93, 15455.59, 16484.31, 15692.85, 17664.94, 15839.1, 15365.11, 15771.31, 16536.91, 16126.93, 15793.3, 16180.7, 16394.47, 16001.02, 15958.22, 15100.7, 16130.31, 16179.61, 16449.31, 14886.32, 15815.68, 16383.31, 15488.17, 14503.45, 16487.15, 15921.56, 15846.93, 16210.42, 16365.2, 16501.7, 17265.67, 16076.23, 16248.81, 15797.49, 15519.24, 15919.79, 15923.19, 16511.02, 16139.78, 16217.44, 16302.74, 16259.02, 16565.27, 15692.39, 14627.16, 16311.25, 15939.2, 16207.84, 15717.77, 16763.36, 15957.48, 15945.0, 15906.93, 15302.82, 16242.65, 17426.4, 15750.12, 15282.03, 15515.84, 14632.85, 16449.3, 15810.23, 15635.78, 16569.31, 16756.25, 15314.29, 15266.6, 16045.84, 15084.07, 15492.96, 16625.73, 16325.4, 15384.71, 15020.2, 15892.03, 15541.01, 16634.68, 15079.97, 16467.65, 15652.05, 15299.21, 16490.58, 16305.31, 15815.39, 16173.78, 16861.65, 16586.09, 17175.63, 15763.67, 15700.41, 15266.67, 15865.18, 15218.04, 17924.51, 15050.01, 15947.8, 15794.08, 15253.42, 16402.05, 15106.47, 15874.56, 16567.83, 17093.5, 15148.27, 15800.37, 15654.76, 16238.63, 15644.01, 15986.32, 17062.26, 15937.2, 14149.7, 14813.12, 15489.18, 17622.06, 17546.05, 16228.13, 15416.02, 16120.48, 14536.32, 15178.59, 15194.17, 15815.59, 16472.77, 15120.93, 16264.02, 16760.8, 15986.95, 17503.5, 16144.03, 17261.03, 15748.09, 15561.52, 16184.83, 15036.29, 16584.45, 16251.28, 15336.46, 16674.18, 14859.25, 16242.94, 16002.06, 16192.62, 16395.18, 14459.93, 15552.78, 17270.26, 16423.68, 15907.48, 16363.62, 16649.26, 17383.98, 16619.99, 14748.83, 16227.74, 15747.36, 16510.96, 15485.86, 16173.23, 17092.58, 15148.43, 17277.04, 15769.96, 15109.93, 16168.67, 16559.2, 16072.73, 16803.37, 15233.91, 16849.32, 16885.11, 15990.53, 16408.72, 17411.22, 15896.83, 16321.49, 17032.84, 16057.92, 15158.85, 15539.62, 15793.6, 15827.0, 15871.94, 16449.46, 16922.63, 15957.58, 15368.33, 15407.28, 16329.08, 15985.35, 16855.97, 16923.61, 16597.78, 15929.05, 15613.46, 16895.66, 15793.36, 15930.73, 14939.95, 15595.35, 16427.5, 15759.91, 15767.98, 15085.2, 15607.44, 16029.86, 16650.64, 16748.85, 16582.02, 15502.99, 15933.07, 15955.27, 16003.4, 16253.57, 16754.46, 16481.67, 15842.33, 17164.04, 16249.11, 14596.59, 16114.68, 16242.94, 16400.12, 16510.07, 16300.19, 16241.55, 16863.96, 15416.72, 16511.54, 15987.49, 15993.58, 15656.8, 16707.21, 16226.81, 16195.53, 16590.41, 16176.08, 16254.87, 15156.48, 15721.13, 17328.65, 15309.22, 15451.49, 15539.01, 15730.26, 16596.07, 16430.24, 15753.53, 15638.65, 17348.05, 14973.07, 16494.03, 16143.9, 15614.52, 16876.93, 15878.54, 16709.6, 16718.64, 15758.38, 15490.04, 17153.2, 16026.14, 15262.26, 16441.4, 14708.29, 15858.46, 16605.19, 16215.39, 16322.78, 16619.26, 17051.49, 16698.24, 15868.32, 14845.21, 16010.27, 15835.04, 16079.41, 16424.98, 16403.04, 15790.03, 16847.59, 15629.96, 15272.19, 16353.37, 16792.06, 16870.08, 16141.25, 14895.01, 16142.09, 15632.56, 16426.35, 16310.64, 15434.44, 15277.67, 16437.41, 16877.23, 16693.38, 15261.01, 15683.38, 16892.57, 15535.29, 16200.21, 17245.67, 15594.52, 16615.36, 15934.88, 16706.16, 14538.66, 16192.23, 16480.7, 16779.26, 16509.02, 16128.9, 15166.85, 15161.81, 17969.16, 16822.04, 16175.81, 15422.71, 15809.53, 16700.99, 15945.42, 16872.21, 16155.67, 15411.95, 15922.04, 16655.13, 15965.5, 15778.64, 15931.22, 15594.78, 16387.24, 15502.78, 15384.55, 16677.96, 17418.94, 16924.09, 15186.47, 15794.09, 16726.88, 16106.06, 15867.44, 15584.68, 15654.16, 16224.68, 17345.37, 16298.19, 16169.14, 15541.51, 15310.12, 15565.97, 15960.56, 17070.7, 16367.32, 16450.39, 15888.78, 17290.95, 16760.94, 16437.71, 16689.18, 16078.02, 16081.08, 15583.94, 15819.42, 15154.19, 14789.85, 15220.99, 17407.19, 17410.95, 17155.71, 15373.07, 16311.26, 16065.05, 15994.86, 15465.55, 16495.05, 16276.46, 14597.58, 16182.56, 16373.36, 15181.91, 15843.22, 15090.61, 15229.49, 15507.21, 15254.42, 16471.55, 15737.82, 16810.61, 14791.61, 16022.31, 17219.79, 15608.0, 15930.64, 16246.45, 16390.56, 16975.83, 15520.79, 15270.74, 15334.32, 16195.54, 15445.49, 15759.23, 15443.83, 16201.06, 16527.03, 15525.7, 16442.57, 15067.64, 15994.85, 15951.05, 15371.79, 15908.75, 16955.2, 16490.69, 16075.03, 14752.38, 14925.94, 16474.05, 17188.34, 15330.57, 16542.51, 15742.08, 16294.78, 16081.3, 17210.04, 16329.04, 16204.21, 15231.58, 17061.85, 15821.61, 15604.99, 16312.95, 14708.69, 14487.56, 16097.73, 17133.82, 16675.19, 16171.17, 16168.97, 15678.46, 16002.85, 15769.05, 16541.02, 15558.6, 17252.8, 15819.03, 15569.62, 16285.75, 15908.95, 16220.66, 16886.73, 16189.82, 15894.68, 17157.03, 15769.19, 16153.32, 14362.12, 15765.47, 16082.8, 16015.24, 16257.7, 17093.18, 16528.53, 15787.46, 15900.69, 16032.38, 16505.96, 14942.63, 16116.79, 15460.52, 15954.29, 15997.03, 16316.98, 16905.75, 15438.11, 15265.03, 16405.0, 16675.03, 16892.91, 15463.36, 16044.95, 16837.47, 17219.31, 16092.25, 15748.69, 15872.35, 15162.6, 16176.71, 16653.01, 16222.52, 14929.42, 17439.51, 16066.03, 15096.29, 15930.98, 16472.75, 15472.55, 16256.67, 16536.45, 15833.51, 16122.15, 15130.0, 14792.04, 16431.97, 16460.59, 15419.77, 16631.41, 15881.19, 16087.7, 15795.43, 15484.11, 16812.88, 15631.92, 14690.31, 15440.49, 14806.58, 15829.61, 15718.39, 14918.15, 16396.19, 15322.0, 15437.97, 16633.86, 16283.75, 15149.64, 15661.9, 14869.11, 15736.1, 16076.08, 16067.72, 17696.1, 15611.91, 15074.9, 16747.66, 15876.94, 15311.33, 15961.12, 16158.48, 16361.86, 15938.4, 16571.96, 16697.37, 16272.74, 15607.88, 16398.1, 15925.29, 15815.04, 16482.96, 15549.97, 16066.88, 16127.99, 16540.46, 15518.47, 15468.06, 16131.76, 15267.82, 15940.52, 15724.03, 15382.12, 15971.25, 16448.17, 15889.96, 16772.05, 16759.27, 16246.38, 15780.34, 16657.04, 16115.87, 16296.07, 16025.84, 15646.82, 15833.48, 17282.6, 16926.88, 15621.5, 15803.67, 15858.11, 16638.22, 15422.88, 16304.22, 15221.83, 16645.55, 15744.27, 15555.15, 15975.48, 16549.68, 15977.0, 16553.97, 16197.72, 16299.38, 15708.07, 16564.21, 15956.95, 15450.91, 15835.96, 16619.43, 16575.88, 14359.21, 15677.39, 16338.29, 15778.26, 16908.75, 16554.36, 17036.57, 16003.86, 15641.95, 16549.15, 15853.78, 15367.92, 15684.58, 15722.66, 15421.45, 16024.2, 16755.32, 16492.32, 16913.21, 16038.99, 16882.03, 17074.53, 15393.25, 15433.94, 16379.8, 16361.08, 15520.46, 15430.73, 15166.29, 15706.82, 15330.67, 15365.18, 15606.14, 17219.42, 14822.85, 16177.64, 16621.08, 16045.09, 15675.26, 14759.76, 17258.03, 17625.89, 17061.7, 16146.3, 14783.14, 16533.01, 15519.89, 15445.96, 15394.15, 16193.39, 16418.46, 17320.02, 15181.44, 16145.24, 15935.77, 16066.61, 16957.18, 16043.45, 16378.23, 15762.06, 14383.85, 15721.65, 15712.57, 16425.24, 15833.33, 16608.29, 16212.5, 15988.79, 16370.23, 16403.85, 16774.84, 17673.87, 16695.92, 16167.64, 15766.62, 16459.05, 15578.14, 14646.56, 15850.35, 14934.8]

Voters Validation Mean Error:
[132.43, 127.36, 124.39, 127.11, 131.42, 123.26, 123.67, 129.98, 127.14, 127.07, 127.69, 127.67, 128.34, 130.01, 127.1, 128.1, 126.79, 123.52, 128.15, 128.55, 126.22, 128.43, 122.58, 129.18, 126.18, 129.66, 122.06, 130.23, 128.69, 129.55, 125.32, 126.95, 124.47, 128.5, 123.02, 124.93, 127.62, 123.38, 123.05, 126.43, 125.81, 125.46, 126.25, 125.33, 129.82, 127.0, 131.25, 120.03, 125.63, 127.72, 124.44, 124.89, 130.43, 126.19, 125.96, 128.38, 123.81, 123.77, 126.72, 122.97, 120.76, 124.97, 124.37, 127.92, 130.63, 130.95, 124.95, 127.83, 128.31, 125.56, 130.54, 123.16, 129.83, 124.32, 128.39, 125.27, 132.91, 125.85, 123.96, 125.58, 128.6, 126.99, 125.67, 127.2, 128.04, 126.5, 126.33, 122.88, 127.01, 127.2, 128.25, 122.01, 125.76, 128.0, 124.45, 120.43, 128.4, 126.18, 125.88, 127.32, 127.93, 128.46, 131.4, 126.79, 127.47, 125.69, 124.58, 126.17, 126.19, 128.5, 127.04, 127.35, 127.68, 127.51, 128.71, 125.27, 120.94, 127.72, 126.25, 127.31, 125.37, 129.47, 126.32, 126.27, 126.12, 123.7, 127.45, 132.01, 125.5, 123.62, 124.56, 120.97, 128.25, 125.74, 125.04, 128.72, 129.45, 123.75, 123.56, 126.67, 122.82, 124.47, 128.94, 127.77, 124.04, 122.56, 126.06, 124.66, 128.98, 122.8, 128.33, 125.11, 123.69, 128.42, 127.69, 125.76, 127.18, 129.85, 128.79, 131.06, 125.55, 125.3, 123.56, 125.96, 123.36, 133.88, 122.68, 126.28, 125.67, 123.5, 128.07, 122.91, 125.99, 128.72, 130.74, 123.08, 125.7, 125.12, 127.43, 125.08, 126.44, 130.62, 126.24, 118.95, 121.71, 124.46, 132.75, 132.46, 127.39, 124.16, 126.97, 120.57, 123.2, 123.26, 125.76, 128.35, 122.97, 127.53, 129.46, 126.44, 132.3, 127.06, 131.38, 125.49, 124.75, 127.22, 122.62, 128.78, 127.48, 123.84, 129.13, 121.9, 127.45, 126.5, 127.25, 128.04, 120.25, 124.71, 131.42, 128.15, 126.12, 127.92, 129.03, 131.85, 128.92, 121.44, 127.39, 125.49, 128.49, 124.44, 127.17, 130.74, 123.08, 131.44, 125.58, 122.92, 127.16, 128.68, 126.78, 129.63, 123.43, 129.8, 129.94, 126.45, 128.1, 131.95, 126.08, 127.76, 130.51, 126.72, 123.12, 124.66, 125.67, 125.81, 125.98, 128.26, 130.09, 126.32, 123.97, 124.13, 127.79, 126.43, 129.83, 130.09, 128.83, 126.21, 124.95, 129.98, 125.67, 126.22, 122.23, 124.88, 128.17, 125.54, 125.57, 122.82, 124.93, 126.61, 129.04, 129.42, 128.77, 124.51, 126.23, 126.31, 126.5, 127.49, 129.44, 128.38, 125.87, 131.01, 127.47, 120.82, 126.94, 127.45, 128.06, 128.49, 127.67, 127.44, 129.86, 124.16, 128.5, 126.44, 126.47, 125.13, 129.26, 127.38, 127.26, 128.8, 127.19, 127.49, 123.11, 125.38, 131.64, 123.73, 124.3, 124.66, 125.42, 128.83, 128.18, 125.51, 125.05, 131.71, 122.36, 128.43, 127.06, 124.96, 129.91, 126.01, 129.27, 129.3, 125.53, 124.46, 130.97, 126.59, 123.54, 128.22, 121.28, 125.93, 128.86, 127.34, 127.76, 128.92, 130.58, 129.22, 125.97, 121.84, 126.53, 125.84, 126.8, 128.16, 128.07, 125.66, 129.8, 125.02, 123.58, 127.88, 129.58, 129.88, 127.05, 122.05, 127.05, 125.03, 128.17, 127.71, 124.24, 123.6, 128.21, 129.91, 129.2, 123.54, 125.23, 129.97, 124.64, 127.28, 131.32, 124.88, 128.9, 126.23, 129.25, 120.58, 127.25, 128.38, 129.53, 128.49, 127.0, 123.15, 123.13, 134.05, 129.7, 127.18, 124.19, 125.74, 129.23, 126.28, 129.89, 127.1, 124.14, 126.18, 129.05, 126.35, 125.61, 126.22, 124.88, 128.01, 124.51, 124.03, 129.14, 131.98, 130.09, 123.23, 125.67, 129.33, 126.91, 125.97, 124.84, 125.12, 127.38, 131.7, 127.66, 127.16, 124.67, 123.73, 124.76, 126.34, 130.65, 127.93, 128.26, 126.05, 131.5, 129.46, 128.21, 129.19, 126.8, 126.81, 124.84, 125.78, 123.1, 121.61, 123.37, 131.94, 131.95, 130.98, 123.99, 127.72, 126.75, 126.47, 124.36, 128.43, 127.58, 120.82, 127.21, 127.96, 123.21, 125.87, 122.84, 123.41, 124.53, 123.51, 128.34, 125.45, 129.66, 121.62, 126.58, 131.22, 124.93, 126.22, 127.46, 128.03, 130.29, 124.58, 123.57, 123.83, 127.26, 124.28, 125.54, 124.27, 127.28, 128.56, 124.6, 128.23, 122.75, 126.47, 126.3, 123.98, 126.13, 130.21, 128.42, 126.79, 121.46, 122.17, 128.35, 131.1, 123.82, 128.62, 125.47, 127.65, 126.81, 131.19, 127.79, 127.3, 123.42, 130.62, 125.78, 124.92, 127.72, 121.28, 120.36, 126.88, 130.9, 129.13, 127.17, 127.16, 125.21, 126.5, 125.57, 128.61, 124.73, 131.35, 125.77, 124.78, 127.62, 126.13, 127.36, 129.95, 127.24, 126.07, 130.98, 125.58, 127.1, 119.84, 125.56, 126.82, 126.55, 127.51, 130.74, 128.56, 125.65, 126.1, 126.62, 128.48, 122.24, 126.95, 124.34, 126.31, 126.48, 127.74, 130.02, 124.25, 123.55, 128.08, 129.13, 129.97, 124.35, 126.67, 129.76, 131.22, 126.86, 125.49, 125.99, 123.14, 127.19, 129.05, 127.37, 122.19, 132.06, 126.75, 122.87, 126.22, 128.35, 124.39, 127.5, 128.59, 125.83, 126.97, 123.0, 121.62, 128.19, 128.3, 124.18, 128.96, 126.02, 126.84, 125.68, 124.44, 129.66, 125.03, 121.2, 124.26, 121.68, 125.82, 125.37, 122.14, 128.05, 123.78, 124.25, 128.97, 127.61, 123.08, 125.15, 121.94, 125.44, 126.79, 126.76, 133.03, 124.95, 122.78, 129.41, 126.0, 123.74, 126.34, 127.12, 127.91, 126.25, 128.73, 129.22, 127.56, 124.93, 128.06, 126.2, 125.76, 128.39, 124.7, 126.76, 127.0, 128.61, 124.57, 124.37, 127.01, 123.56, 126.26, 125.4, 124.02, 126.38, 128.25, 126.06, 129.51, 129.46, 127.46, 125.62, 129.06, 126.95, 127.66, 126.59, 125.09, 125.83, 131.46, 130.1, 124.99, 125.71, 125.93, 128.99, 124.19, 127.69, 123.38, 129.02, 125.48, 124.72, 126.39, 128.65, 126.4, 128.66, 127.27, 127.67, 125.33, 128.7, 126.32, 124.3, 125.84, 128.92, 128.75, 119.83, 125.21, 127.82, 125.61, 130.03, 128.66, 130.52, 126.51, 125.07, 128.64, 125.91, 123.97, 125.24, 125.39, 124.18, 126.59, 129.44, 128.42, 130.05, 126.65, 129.93, 130.67, 124.07, 124.23, 127.98, 127.91, 124.58, 124.22, 123.15, 125.33, 123.82, 123.96, 124.92, 131.22, 121.75, 127.19, 128.92, 126.67, 125.2, 121.49, 131.37, 132.76, 130.62, 127.07, 121.59, 128.58, 124.58, 124.28, 124.07, 127.25, 128.13, 131.61, 123.21, 127.06, 126.24, 126.75, 130.22, 126.66, 127.98, 125.55, 119.93, 125.39, 125.35, 128.16, 125.83, 128.87, 127.33, 126.45, 127.95, 128.08, 129.52, 132.94, 129.21, 127.15, 125.57, 128.29, 124.81, 121.02, 125.9, 122.21]

numCandiates : 20
numVoters : 750
numElections : 750
columnBlindness : 8
epochs : 166
trainableLayerCount : 1
crowdBuildMethod : {'name': 'standardDistribution', 'mean': 16000, 'standardDeviation': 666}
dataSetName : mySynthetic
predictedFeature : y

========= SIMULATION RESULTS ========
Metrics                                          meanWinnerRank  rateTrueWinners  rateWinner<NULL
Algorithms                                                                                       
MyVoteSys <α=0.50, β=0.33, γ=____, MaxVariance>        1.337333         0.753333         0.000000
MyVoteSys <α=0.50, β=0.33, γ=____, MaxStDev>           1.337333         0.753333         0.000000
MyVoteSys <α=0.50, β=0.33, γ=____, MinEntropy>         1.342667         0.752000         0.000000
MaxVarianceWeightedSumWins<α=0>                        1.454667         0.712000         0.000000
MaxVarianceWeightedSumWins<α=0.5>                      1.500000         0.700000         0.000000
MinEntropyWeightedSumWins<α=0>                         5.874667         0.130667         0.177333
MinEntropyWeightedSumWins<α=0.5>                       5.885333         0.130667         0.178667
MinEntropyWeightedSumWins2<α=0>                       17.425333         0.000000         0.734667
MinEntropyWeightedSumWins2<α=0.5>                     18.956000         0.000000         0.908000

