
===== Last Election voting process ======

Stamp Counts Table:
Candidates  1046  757  2785  1435  1760  505  204  246  2816  2737  546  639  225  NullCandidate  589  330  2777  2573  1469  1104
Stage                                                                                                                             
0             13   87    33   210    63   70   10    8    24    15   60   51   19              0   28    1    12    36    10     0
1             85   75    59    79    32    9   44   14    39    39   48   59    7              0  115   17     3    12    14     0
2            134   66    20    63    36   16   90   30    35    42   18   32   36              0   49   53     6    23     1     0
3             92   45    32    92    30   27   72   52    56    18   21   43   30              1   36   41    37    21     4     0
4             66   47    63    38    48   42   50   34    17    38   45   44   41              8   68   24    31    26     8    12
5             76   61    40    44    13   60   45   51    32    44   32   20   31             27   21   19    41    58    30     5
6             41   56    30    57    48   68   28   61    28    31   25   32   45             69   26   11    36    25    24     9
7             55   28    27    29    42   63   19   60    37    36   40   43   12             84   20   18    68    22    27    20
8             45   29    46    23    32   45   47   44    46    26   21   36   23            102   45   23    57    18    21    21
9             38   34    20    14    34   57   52   53    30    27   16   38   39            118   34   45    27    26    25    23
10            45   24    12    11    65   32   47   38    50    35   19   40   49             89   30   40    24    45    14    41
11            19   24    17    14    45   19   39   56    34    31   11   45   41            133   45   42    20    46    37    32
12             7   28    54    19    41    6   12   51    44    18   42   51   59             41   42   46    34    37    73    45
13             1   41    43    17    35   15   30   41    29    78   37   24   66             19   30   39    61    42    62    40
14             6   17    85     6    20   29   60   42    47    36   55   23   32             15   35   43    43    32    94    30
15             4   16    58     6    43   61   32   26    50    56   37   30   79              2   36   46    54    52    44    18
16            22   28    40     9    46   37   33   39    34    48   67   20   61              1    8   46    54    14    75    68
17             1   26    54     1    51   34   19   15    46    65   66   32   17              0   16   71    21    28    54   133
18             0   18    16    17    22   48    6   20    57    44   64   50   24              1   15   47    34   100    45   122
19             0    0     1     1     4   12   15   15    15    23   26   37   39             40   51   78    87    87    88   131

Processed Vote Counts Table:
Candidates  1046  757  2785  1435  1760  505  204  246  2816  2737  546  639  225  NullCandidate  589  330  2777  2573  1469  1104
Stage                                                                                                                             
0             13   87    33   210    63   70   10    8    24    15   60   51   19              0   28    1    12    36    10     0
1             98  162    92   289    95   79   54   22    63    54  108  110   26              0  143   18    15    48    24     0
2            232  228   112   352   131   95  144   52    98    96  126  142   62              0  192   71    21    71    25     0
3            324  273   144   444   161  122  216  104   154   114  147  185   92              1  228  112    58    92    29     0
4            390  320   207   482   209  164  266  138   171   152  192  229  133              9  296  136    89   118    37    12
5            466  381   247   526   222  224  311  189   203   196  224  249  164             36  317  155   130   176    67    17
6            507  437   277   583   270  292  339  250   231   227  249  281  209            105  343  166   166   201    91    26
7            562  465   304   612   312  355  358  310   268   263  289  324  221            189  363  184   234   223   118    46
8            607  494   350   635   344  400  405  354   314   289  310  360  244            291  408  207   291   241   139    67
9            645  528   370   649   378  457  457  407   344   316  326  398  283            409  442  252   318   267   164    90
10           690  552   382   660   443  489  504  445   394   351  345  438  332            498  472  292   342   312   178   131
11           709  576   399   674   488  508  543  501   428   382  356  483  373            631  517  334   362   358   215   163
12           716  604   453   693   529  514  555  552   472   400  398  534  432            672  559  380   396   395   288   208
13           717  645   496   710   564  529  585  593   501   478  435  558  498            691  589  419   457   437   350   248
14           723  662   581   716   584  558  645  635   548   514  490  581  530            706  624  462   500   469   444   278
15           727  678   639   722   627  619  677  661   598   570  527  611  609            708  660  508   554   521   488   296
16           749  706   679   731   673  656  710  700   632   618  594  631  670            709  668  554   608   535   563   364
17           750  732   733   732   724  690  729  715   678   683  660  663  687            709  684  625   629   563   617   497
18           750  750   749   749   746  738  735  735   735   727  724  713  711            710  699  672   663   663   662   619
19           750  750   750   750   750  750  750  750   750   750  750  750  750            750  750  750   750   750   750   750

Score(%) of Candidates Table:
Candidates        1046         757        2785        1435        1760         505         204         246        2816        2737         546         639         225  NullCandidate         589         330        2777        2573        1469        1104
Stage                                                                                                                                                                                                                                                        
0             1.733333   11.600000    4.400000   28.000000    8.400000    9.333333    1.333333    1.066667    3.200000    2.000000    8.000000    6.800000    2.533333       0.000000    3.733333    0.133333    1.600000    4.800000    1.333333    0.000000
1            13.066667   21.600000   12.266667   38.533333   12.666667   10.533333    7.200000    2.933333    8.400000    7.200000   14.400000   14.666667    3.466667       0.000000   19.066667    2.400000    2.000000    6.400000    3.200000    0.000000
2            30.933333   30.400000   14.933333   46.933333   17.466667   12.666667   19.200000    6.933333   13.066667   12.800000   16.800000   18.933333    8.266667       0.000000   25.600000    9.466667    2.800000    9.466667    3.333333    0.000000
3            43.200000   36.400000   19.200000   59.200000   21.466667   16.266667   28.800000   13.866667   20.533333   15.200000   19.600000   24.666667   12.266667       0.133333   30.400000   14.933333    7.733333   12.266667    3.866667    0.000000
4            52.000000   42.666667   27.600000   64.266667   27.866667   21.866667   35.466667   18.400000   22.800000   20.266667   25.600000   30.533333   17.733333       1.200000   39.466667   18.133333   11.866667   15.733333    4.933333    1.600000
5            62.133333   50.800000   32.933333   70.133333   29.600000   29.866667   41.466667   25.200000   27.066667   26.133333   29.866667   33.200000   21.866667       4.800000   42.266667   20.666667   17.333333   23.466667    8.933333    2.266667
6            67.600000   58.266667   36.933333   77.733333   36.000000   38.933333   45.200000   33.333333   30.800000   30.266667   33.200000   37.466667   27.866667      14.000000   45.733333   22.133333   22.133333   26.800000   12.133333    3.466667
7            74.933333   62.000000   40.533333   81.600000   41.600000   47.333333   47.733333   41.333333   35.733333   35.066667   38.533333   43.200000   29.466667      25.200000   48.400000   24.533333   31.200000   29.733333   15.733333    6.133333
8            80.933333   65.866667   46.666667   84.666667   45.866667   53.333333   54.000000   47.200000   41.866667   38.533333   41.333333   48.000000   32.533333      38.800000   54.400000   27.600000   38.800000   32.133333   18.533333    8.933333
9            86.000000   70.400000   49.333333   86.533333   50.400000   60.933333   60.933333   54.266667   45.866667   42.133333   43.466667   53.066667   37.733333      54.533333   58.933333   33.600000   42.400000   35.600000   21.866667   12.000000
10           92.000000   73.600000   50.933333   88.000000   59.066667   65.200000   67.200000   59.333333   52.533333   46.800000   46.000000   58.400000   44.266667      66.400000   62.933333   38.933333   45.600000   41.600000   23.733333   17.466667
11           94.533333   76.800000   53.200000   89.866667   65.066667   67.733333   72.400000   66.800000   57.066667   50.933333   47.466667   64.400000   49.733333      84.133333   68.933333   44.533333   48.266667   47.733333   28.666667   21.733333
12           95.466667   80.533333   60.400000   92.400000   70.533333   68.533333   74.000000   73.600000   62.933333   53.333333   53.066667   71.200000   57.600000      89.600000   74.533333   50.666667   52.800000   52.666667   38.400000   27.733333
13           95.600000   86.000000   66.133333   94.666667   75.200000   70.533333   78.000000   79.066667   66.800000   63.733333   58.000000   74.400000   66.400000      92.133333   78.533333   55.866667   60.933333   58.266667   46.666667   33.066667
14           96.400000   88.266667   77.466667   95.466667   77.866667   74.400000   86.000000   84.666667   73.066667   68.533333   65.333333   77.466667   70.666667      94.133333   83.200000   61.600000   66.666667   62.533333   59.200000   37.066667
15           96.933333   90.400000   85.200000   96.266667   83.600000   82.533333   90.266667   88.133333   79.733333   76.000000   70.266667   81.466667   81.200000      94.400000   88.000000   67.733333   73.866667   69.466667   65.066667   39.466667
16           99.866667   94.133333   90.533333   97.466667   89.733333   87.466667   94.666667   93.333333   84.266667   82.400000   79.200000   84.133333   89.333333      94.533333   89.066667   73.866667   81.066667   71.333333   75.066667   48.533333
17          100.000000   97.600000   97.733333   97.600000   96.533333   92.000000   97.200000   95.333333   90.400000   91.066667   88.000000   88.400000   91.600000      94.533333   91.200000   83.333333   83.866667   75.066667   82.266667   66.266667
18          100.000000  100.000000   99.866667   99.866667   99.466667   98.400000   98.000000   98.000000   98.000000   96.933333   96.533333   95.066667   94.800000      94.666667   93.200000   89.600000   88.400000   88.400000   88.266667   82.533333
19          100.000000  100.000000  100.000000  100.000000  100.000000  100.000000  100.000000  100.000000  100.000000  100.000000  100.000000  100.000000  100.000000     100.000000  100.000000  100.000000  100.000000  100.000000  100.000000  100.000000

                                                        winner  winStage                                                validStages
algorithm                                                                                                                          
InstantRunoffVoting                                       1435       NaN                                                        NaN
SingleTransferableVote                                    1435       NaN                                                        NaN
PreferentialBlockVoting                                   1435       NaN                                                        NaN
FirstPastThePost (but without tactical voting)            1435       NaN                                                        NaN
MyVoteSys <α=0.50, β=____, γ=____, First>                 1435       3.0  [3, 4, 5, 6, 7, 8, 9, 10, 11, 12, 13, 14, 15, 16, 17, 18]
MyVoteSys <α=0.50, β=____, γ=____, Last>                  1046      18.0  [3, 4, 5, 6, 7, 8, 9, 10, 11, 12, 13, 14, 15, 16, 17, 18]
MyVoteSys <α=0.50, β=____, γ=____, MinEntropy>            1435       3.0  [3, 4, 5, 6, 7, 8, 9, 10, 11, 12, 13, 14, 15, 16, 17, 18]
MyVoteSys <α=0.50, β=____, γ=____, MaxEntropy>            1046      18.0  [3, 4, 5, 6, 7, 8, 9, 10, 11, 12, 13, 14, 15, 16, 17, 18]
MyVoteSys <α=0.50, β=____, γ=____, MinVariance>           1046      11.0  [3, 4, 5, 6, 7, 8, 9, 10, 11, 12, 13, 14, 15, 16, 17, 18]
MyVoteSys <α=0.50, β=____, γ=____, MaxVariance>           1046      18.0  [3, 4, 5, 6, 7, 8, 9, 10, 11, 12, 13, 14, 15, 16, 17, 18]
MyVoteSys <α=0.50, β=____, γ=____, MaxStDev>              1046      18.0  [3, 4, 5, 6, 7, 8, 9, 10, 11, 12, 13, 14, 15, 16, 17, 18]
MyVoteSys <α=0.50, β=____, γ=0.66, First>                 1435       3.0                                                  [3, 4, 5]
MyVoteSys <α=0.50, β=____, γ=0.66, Last>                  1435       5.0                                                  [3, 4, 5]
MyVoteSys <α=0.50, β=____, γ=0.66, MinEntropy>            1435       3.0                                                  [3, 4, 5]
MyVoteSys <α=0.50, β=____, γ=0.66, MaxEntropy>            1435       5.0                                                  [3, 4, 5]
MyVoteSys <α=0.50, β=____, γ=0.66, MinVariance>           1435       5.0                                                  [3, 4, 5]
MyVoteSys <α=0.50, β=____, γ=0.66, MaxVariance>           1435       3.0                                                  [3, 4, 5]
MyVoteSys <α=0.50, β=____, γ=0.66, MaxStDev>              1435       3.0                                                  [3, 4, 5]
MyVoteSys <α=0.50, β=____, γ=0.80, First>                 1435       3.0                                            [3, 4, 5, 6, 7]
MyVoteSys <α=0.50, β=____, γ=0.80, Last>                  1435       7.0                                            [3, 4, 5, 6, 7]
MyVoteSys <α=0.50, β=____, γ=0.80, MinEntropy>            1435       3.0                                            [3, 4, 5, 6, 7]
MyVoteSys <α=0.50, β=____, γ=0.80, MaxEntropy>            1435       7.0                                            [3, 4, 5, 6, 7]
MyVoteSys <α=0.50, β=____, γ=0.80, MinVariance>           1435       7.0                                            [3, 4, 5, 6, 7]
MyVoteSys <α=0.50, β=____, γ=0.80, MaxVariance>           1435       3.0                                            [3, 4, 5, 6, 7]
MyVoteSys <α=0.50, β=____, γ=0.80, MaxStDev>              1435       3.0                                            [3, 4, 5, 6, 7]
MyVoteSys <α=0.50, β=0.33, γ=____, First>                 1435       3.0                                            [3, 4, 5, 6, 7]
MyVoteSys <α=0.50, β=0.33, γ=____, Last>                  1435       7.0                                            [3, 4, 5, 6, 7]
MyVoteSys <α=0.50, β=0.33, γ=____, MinEntropy>            1435       3.0                                            [3, 4, 5, 6, 7]
MyVoteSys <α=0.50, β=0.33, γ=____, MaxEntropy>            1435       7.0                                            [3, 4, 5, 6, 7]
MyVoteSys <α=0.50, β=0.33, γ=____, MinVariance>           1435       7.0                                            [3, 4, 5, 6, 7]
MyVoteSys <α=0.50, β=0.33, γ=____, MaxVariance>           1435       3.0                                            [3, 4, 5, 6, 7]
MyVoteSys <α=0.50, β=0.33, γ=____, MaxStDev>              1435       3.0                                            [3, 4, 5, 6, 7]
MyVoteSys <α=0.50, β=0.33, γ=0.66, First>                 1435       3.0                                                  [3, 4, 5]
MyVoteSys <α=0.50, β=0.33, γ=0.66, Last>                  1435       5.0                                                  [3, 4, 5]
MyVoteSys <α=0.50, β=0.33, γ=0.66, MinEntropy>            1435       3.0                                                  [3, 4, 5]
MyVoteSys <α=0.50, β=0.33, γ=0.66, MaxEntropy>            1435       5.0                                                  [3, 4, 5]
MyVoteSys <α=0.50, β=0.33, γ=0.66, MinVariance>           1435       5.0                                                  [3, 4, 5]
MyVoteSys <α=0.50, β=0.33, γ=0.66, MaxVariance>           1435       3.0                                                  [3, 4, 5]
MyVoteSys <α=0.50, β=0.33, γ=0.66, MaxStDev>              1435       3.0                                                  [3, 4, 5]
MyVoteSys <α=0.50, β=0.33, γ=0.80, First>                 1435       3.0                                            [3, 4, 5, 6, 7]
MyVoteSys <α=0.50, β=0.33, γ=0.80, Last>                  1435       7.0                                            [3, 4, 5, 6, 7]
MyVoteSys <α=0.50, β=0.33, γ=0.80, MinEntropy>            1435       3.0                                            [3, 4, 5, 6, 7]
MyVoteSys <α=0.50, β=0.33, γ=0.80, MaxEntropy>            1435       7.0                                            [3, 4, 5, 6, 7]
MyVoteSys <α=0.50, β=0.33, γ=0.80, MinVariance>           1435       7.0                                            [3, 4, 5, 6, 7]
MyVoteSys <α=0.50, β=0.33, γ=0.80, MaxVariance>           1435       3.0                                            [3, 4, 5, 6, 7]
MyVoteSys <α=0.50, β=0.33, γ=0.80, MaxStDev>              1435       3.0                                            [3, 4, 5, 6, 7]
MyVoteSys <α=0.66, β=____, γ=____, First>                 1435       5.0        [5, 6, 7, 8, 9, 10, 11, 12, 13, 14, 15, 16, 17, 18]
MyVoteSys <α=0.66, β=____, γ=____, Last>                  1046      18.0        [5, 6, 7, 8, 9, 10, 11, 12, 13, 14, 15, 16, 17, 18]
MyVoteSys <α=0.66, β=____, γ=____, MinEntropy>            1435       5.0        [5, 6, 7, 8, 9, 10, 11, 12, 13, 14, 15, 16, 17, 18]
MyVoteSys <α=0.66, β=____, γ=____, MaxEntropy>            1046      18.0        [5, 6, 7, 8, 9, 10, 11, 12, 13, 14, 15, 16, 17, 18]
MyVoteSys <α=0.66, β=____, γ=____, MinVariance>           1046      11.0        [5, 6, 7, 8, 9, 10, 11, 12, 13, 14, 15, 16, 17, 18]
MyVoteSys <α=0.66, β=____, γ=____, MaxVariance>           1046      18.0        [5, 6, 7, 8, 9, 10, 11, 12, 13, 14, 15, 16, 17, 18]
MyVoteSys <α=0.66, β=____, γ=____, MaxStDev>              1046      18.0        [5, 6, 7, 8, 9, 10, 11, 12, 13, 14, 15, 16, 17, 18]
MyVoteSys <α=0.66, β=____, γ=0.80, First>                 1435       5.0                                                  [5, 6, 7]
MyVoteSys <α=0.66, β=____, γ=0.80, Last>                  1435       7.0                                                  [5, 6, 7]
MyVoteSys <α=0.66, β=____, γ=0.80, MinEntropy>            1435       5.0                                                  [5, 6, 7]
MyVoteSys <α=0.66, β=____, γ=0.80, MaxEntropy>            1435       7.0                                                  [5, 6, 7]
MyVoteSys <α=0.66, β=____, γ=0.80, MinVariance>           1435       7.0                                                  [5, 6, 7]
MyVoteSys <α=0.66, β=____, γ=0.80, MaxVariance>           1435       5.0                                                  [5, 6, 7]
MyVoteSys <α=0.66, β=____, γ=0.80, MaxStDev>              1435       5.0                                                  [5, 6, 7]
MyVoteSys <α=0.66, β=0.33, γ=____, First>                 1435       5.0                                                  [5, 6, 7]
MyVoteSys <α=0.66, β=0.33, γ=____, Last>                  1435       7.0                                                  [5, 6, 7]
MyVoteSys <α=0.66, β=0.33, γ=____, MinEntropy>            1435       5.0                                                  [5, 6, 7]
MyVoteSys <α=0.66, β=0.33, γ=____, MaxEntropy>            1435       7.0                                                  [5, 6, 7]
MyVoteSys <α=0.66, β=0.33, γ=____, MinVariance>           1435       7.0                                                  [5, 6, 7]
MyVoteSys <α=0.66, β=0.33, γ=____, MaxVariance>           1435       5.0                                                  [5, 6, 7]
MyVoteSys <α=0.66, β=0.33, γ=____, MaxStDev>              1435       5.0                                                  [5, 6, 7]
MyVoteSys <α=0.66, β=0.33, γ=0.80, First>                 1435       5.0                                                  [5, 6, 7]
MyVoteSys <α=0.66, β=0.33, γ=0.80, Last>                  1435       7.0                                                  [5, 6, 7]
MyVoteSys <α=0.66, β=0.33, γ=0.80, MinEntropy>            1435       5.0                                                  [5, 6, 7]
MyVoteSys <α=0.66, β=0.33, γ=0.80, MaxEntropy>            1435       7.0                                                  [5, 6, 7]
MyVoteSys <α=0.66, β=0.33, γ=0.80, MinVariance>           1435       7.0                                                  [5, 6, 7]
MyVoteSys <α=0.66, β=0.33, γ=0.80, MaxVariance>           1435       5.0                                                  [5, 6, 7]
MyVoteSys <α=0.66, β=0.33, γ=0.80, MaxStDev>              1435       5.0                                                  [5, 6, 7]
MyVoteSys <α=0.80, β=____, γ=____, First>                 1435       7.0              [7, 8, 9, 10, 11, 12, 13, 14, 15, 16, 17, 18]
MyVoteSys <α=0.80, β=____, γ=____, Last>                  1046      18.0              [7, 8, 9, 10, 11, 12, 13, 14, 15, 16, 17, 18]
MyVoteSys <α=0.80, β=____, γ=____, MinEntropy>            1435       7.0              [7, 8, 9, 10, 11, 12, 13, 14, 15, 16, 17, 18]
MyVoteSys <α=0.80, β=____, γ=____, MaxEntropy>            1046      18.0              [7, 8, 9, 10, 11, 12, 13, 14, 15, 16, 17, 18]
MyVoteSys <α=0.80, β=____, γ=____, MinVariance>           1046      11.0              [7, 8, 9, 10, 11, 12, 13, 14, 15, 16, 17, 18]
MyVoteSys <α=0.80, β=____, γ=____, MaxVariance>           1046      18.0              [7, 8, 9, 10, 11, 12, 13, 14, 15, 16, 17, 18]
MyVoteSys <α=0.80, β=____, γ=____, MaxStDev>              1046      18.0              [7, 8, 9, 10, 11, 12, 13, 14, 15, 16, 17, 18]
MyVoteSys <α=0.80, β=0.33, γ=____, First>                 1435       7.0                                                        [7]
MyVoteSys <α=0.80, β=0.33, γ=____, Last>                  1435       7.0                                                        [7]
MyVoteSys <α=0.80, β=0.33, γ=____, MinEntropy>            1435       7.0                                                        [7]
MyVoteSys <α=0.80, β=0.33, γ=____, MaxEntropy>            1435       7.0                                                        [7]
MyVoteSys <α=0.80, β=0.33, γ=____, MinVariance>           1435       7.0                                                        [7]
MyVoteSys <α=0.80, β=0.33, γ=____, MaxVariance>           1435       7.0                                                        [7]
MyVoteSys <α=0.80, β=0.33, γ=____, MaxStDev>              1435       7.0                                                        [7]
MinEntropyWeightedSumWins<α=0>                             757       NaN                                                        NaN
MinEntropyWeightedSumWins<α=0.5>                           757       NaN                                                        NaN
MinEntropyWeightedSumWins2<α=0>                            757       NaN                                                        NaN
MinEntropyWeightedSumWins2<α=0.5>                          757       NaN                                                        NaN
MaxVarianceWeightedSumWins<α=0>                           1435       NaN                                                        NaN
MaxVarianceWeightedSumWins<α=0.5>                         1435       NaN                                                        NaN
MaxStandardDeviationWeightedSumWins<α=0>                  1435       NaN                                                        NaN
MaxStandardDeviationWeightedSumWins<α=0.5>                1046       NaN                                                        NaN
MinEntropyProportionalWeightedSumWins<α=0>                 757       NaN                                                        NaN
MinEntropyProportionalWeightedSumWins<α=0.5>               757       NaN                                                        NaN
MinEntropyProportionalWeightedSumWins2<α=0>                757       NaN                                                        NaN
MinEntropyProportionalWeightedSumWins2<α=0.5>              757       NaN                                                        NaN
MaxVarianceProportionalWeightedSumWins<α=0>               1046       NaN                                                        NaN
MaxVarianceProportionalWeightedSumWins<α=0.5>             1046       NaN                                                        NaN
MaxStandardDeviationProportionalWeightedSumWins<α=0>      1046       NaN                                                        NaN
MaxStandardDeviationProportionalWeightedSumWins<α=0.5>    1046       NaN                                                        NaN 

Last Election Candidates:
                        y
Candidates               
1104          -340.386230
1469          -252.033121
2777          -172.717634
330           -171.281217
546           -125.396142
225           -122.399537
2573          -122.312508
2816           -91.767989
2737           -64.098610
1760           -53.126071
246            -45.566462
505            -19.486905
204             -9.819574
NullCandidate   -3.467414
2785            -2.851858
639              3.500628
589             28.857693
757            120.326530
1046           153.256060
1435           280.381907

Voters Validation Mean Squared Error:
[16284.62, 15986.35, 15734.36, 15871.87, 15998.12, 16890.09, 13871.74, 14817.92, 16357.08, 15481.99, 14891.3, 15318.48, 15619.45, 17039.42, 16822.5, 16199.96, 15408.11, 15182.51, 15565.69, 16998.29, 16793.49, 15988.22, 15648.53, 15071.49, 16344.42, 15958.89, 15063.83, 16669.15, 14739.0, 15429.17, 16443.71, 16072.07, 16120.55, 17535.41, 15505.8, 15330.74, 16236.4, 15923.11, 16902.76, 14851.65, 16764.26, 15086.27, 15304.3, 16689.77, 16363.89, 15879.2, 15761.71, 15428.18, 14784.04, 15991.9, 16060.55, 15878.52, 15276.89, 16320.32, 15981.77, 15181.59, 15799.45, 15171.55, 15940.43, 16888.11, 17054.73, 16821.57, 16785.84, 16451.45, 17428.63, 17936.4, 15496.11, 16711.35, 16587.8, 15800.67, 16981.03, 16123.96, 15503.38, 15795.75, 15527.89, 16945.41, 15890.04, 16104.19, 15091.86, 15955.44, 16330.98, 16471.77, 16265.66, 15646.44, 15888.74, 16846.29, 15684.43, 16678.68, 16058.12, 16355.43, 14904.37, 16825.53, 15591.6, 17824.68, 15910.68, 16175.9, 14822.83, 16005.15, 16432.98, 15190.68, 17604.66, 15412.8, 15314.21, 16745.8, 16766.13, 15868.26, 16582.1, 16434.59, 15613.95, 15558.12, 15550.19, 17058.68, 16729.3, 16028.47, 15938.39, 15924.38, 16327.04, 15494.88, 15742.51, 15914.96, 15827.76, 15253.71, 15170.95, 16287.38, 15875.28, 15904.6, 15492.11, 14656.9, 16590.34, 14967.7, 15579.94, 15976.78, 16432.97, 17040.35, 16316.29, 16122.64, 16130.12, 16651.26, 16450.81, 16317.63, 16542.93, 17531.78, 16948.67, 15108.04, 16171.17, 15647.46, 15644.76, 15819.07, 15817.28, 16266.99, 15834.07, 15784.53, 16847.26, 16959.62, 16605.91, 15654.95, 16177.19, 15699.28, 17544.17, 16577.86, 16661.29, 17027.15, 16952.14, 15888.17, 15453.27, 15782.92, 16851.62, 16423.79, 16578.81, 16694.23, 14971.93, 16015.5, 14413.81, 15785.38, 16883.36, 16445.4, 16780.83, 16253.18, 16150.63, 15747.0, 16269.66, 16282.15, 16288.19, 16129.59, 16807.22, 15854.24, 16649.24, 15818.19, 16307.1, 15289.65, 16842.65, 16251.55, 15354.81, 15435.86, 16240.16, 15567.59, 16915.96, 16813.98, 15837.43, 16260.55, 15119.77, 15888.1, 15772.71, 16024.56, 16306.63, 17190.04, 16903.59, 15328.02, 16360.69, 16489.32, 15388.95, 15900.73, 16042.01, 15760.24, 15116.57, 15503.41, 16052.05, 16814.99, 16596.66, 16145.23, 15018.88, 16232.58, 15536.18, 15202.57, 15755.88, 16105.97, 16013.96, 17289.93, 15807.38, 15697.35, 16162.77, 15560.63, 16703.2, 15794.42, 15431.68, 16086.5, 16213.66, 15286.25, 16379.58, 15718.45, 15337.32, 15271.96, 16202.85, 16249.14, 15257.71, 16971.0, 15742.06, 15169.78, 16418.12, 15379.09, 16377.67, 16429.75, 14973.09, 16029.36, 14818.59, 16103.74, 15930.51, 16225.62, 15554.64, 16867.04, 16862.64, 15487.55, 16749.41, 15987.15, 15765.44, 15805.47, 16230.49, 16170.35, 16704.45, 16813.76, 15440.42, 14996.59, 16542.59, 15300.1, 14600.6, 15945.83, 16083.88, 15556.25, 15625.32, 15836.09, 14489.49, 15927.34, 15934.38, 15733.12, 16252.55, 15899.71, 15491.02, 15241.98, 16588.41, 17103.64, 16282.64, 15956.79, 15745.5, 16429.13, 14693.95, 14928.62, 15881.1, 16301.91, 17409.95, 15645.91, 15612.16, 15634.61, 15269.18, 15245.02, 16009.98, 15325.62, 16055.82, 15994.32, 15112.98, 15409.87, 15783.86, 16377.92, 15749.03, 15592.74, 15576.52, 15994.07, 17145.57, 14557.6, 16717.29, 15657.98, 17253.24, 16523.61, 15066.34, 15437.35, 16224.27, 16040.68, 16502.09, 16362.77, 16196.59, 16398.06, 15561.39, 15128.6, 16042.59, 15411.64, 15388.74, 16467.19, 15977.69, 15643.58, 16916.03, 17112.87, 16715.91, 15990.05, 15885.26, 16119.76, 16177.28, 16887.77, 16505.25, 16261.52, 16484.62, 15794.08, 15199.25, 16222.62, 16125.47, 14810.05, 16533.96, 16620.0, 16175.93, 16270.08, 15829.48, 16358.58, 17839.43, 15406.6, 15566.69, 15240.89, 15353.63, 16022.59, 16677.65, 15731.09, 15838.2, 16809.14, 16395.65, 16101.58, 16614.21, 15884.47, 16430.65, 16547.46, 16624.69, 17352.52, 16783.89, 15235.81, 15639.39, 15483.71, 15916.89, 16296.32, 16953.18, 15439.75, 15039.15, 15443.74, 15537.47, 16596.24, 17059.97, 15981.95, 16271.15, 15868.93, 15594.01, 16366.24, 15361.85, 15481.17, 16014.12, 16358.36, 15363.96, 16913.17, 16171.87, 15564.14, 15739.99, 15477.3, 16269.56, 15384.3, 16866.16, 16070.73, 17142.34, 15195.23, 17332.65, 15712.01, 17015.15, 16318.43, 15898.69, 16036.55, 16232.06, 15516.62, 14994.86, 14903.35, 15576.99, 15685.82, 17242.55, 15521.87, 15988.08, 15592.38, 15917.21, 16363.54, 15551.56, 15954.53, 16681.75, 16005.68, 16146.35, 16100.77, 14850.04, 16108.97, 16592.92, 17340.53, 16430.1, 15797.03, 16660.3, 17380.37, 17264.95, 15498.92, 16073.78, 16288.19, 15708.25, 16571.81, 14314.13, 15675.82, 15865.65, 16227.78, 15316.63, 15878.19, 17153.64, 16275.22, 16634.01, 15677.07, 15681.11, 16322.71, 17252.41, 16396.82, 16167.65, 16092.39, 16524.58, 16511.01, 16451.42, 14837.01, 14892.05, 15590.75, 14834.24, 15662.41, 16176.29, 15598.55, 16614.21, 15819.54, 16226.56, 15775.97, 16260.82, 14966.4, 15255.23, 15373.69, 15041.22, 16602.61, 15964.58, 16141.83, 15298.23, 16649.03, 14947.24, 16831.12, 16020.25, 15869.28, 17182.56, 17106.31, 17363.88, 16830.53, 15679.59, 17050.74, 16037.56, 16919.79, 16167.58, 15146.89, 16254.9, 16473.77, 16151.01, 16326.69, 15242.59, 15374.94, 16001.76, 16128.98, 16565.43, 15609.29, 16352.89, 16183.8, 15731.32, 16262.55, 16288.85, 14952.41, 15727.75, 15480.56, 15971.59, 16114.57, 16150.52, 17430.66, 15491.77, 15878.91, 16326.92, 16663.71, 15752.03, 15717.7, 15993.21, 17448.02, 15912.96, 16372.81, 17887.56, 16665.93, 16465.04, 14874.7, 15983.89, 16738.54, 17011.89, 16092.33, 15681.25, 15293.57, 15610.56, 15044.87, 15527.62, 16801.47, 16914.25, 16432.21, 14926.86, 15947.83, 15275.93, 16512.76, 15493.99, 16378.12, 15909.86, 15059.13, 15848.11, 16068.7, 15538.05, 17953.01, 16301.16, 16208.28, 15050.29, 15417.17, 17208.29, 15334.07, 17209.86, 16263.24, 16119.3, 15115.4, 15875.53, 16195.45, 16691.33, 15751.43, 15525.92, 15878.6, 16231.92, 16244.97, 16635.8, 14610.13, 16796.79, 16552.22, 15829.98, 16370.89, 16157.24, 14780.02, 15678.96, 16218.45, 15850.54, 16247.01, 16308.02, 15587.53, 15473.11, 16135.39, 16196.12, 15641.54, 15007.05, 17147.22, 15432.23, 17128.16, 15732.55, 17188.01, 16178.65, 17377.6, 17000.01, 15832.32, 17072.63, 16435.53, 15190.45, 15577.23, 15581.26, 15561.21, 16142.36, 16116.19, 16012.77, 15183.26, 16085.51, 17087.85, 16146.8, 14792.81, 15486.44, 15433.92, 16560.12, 16195.59, 16775.62, 17242.24, 15981.49, 15543.52, 16180.42, 15570.13, 16288.82, 15990.46, 15898.88, 16029.0, 16011.56, 17177.74, 16125.99, 16422.43, 16654.63, 15123.38, 16176.08, 15006.79, 16428.51, 16697.27, 16219.93, 16385.33, 15450.52, 15682.84, 15931.6, 15296.17, 14846.96, 16166.89, 16446.57, 15628.36, 15502.36, 15495.66, 16404.45, 15881.2, 16175.32, 16966.65, 15209.53, 15695.75, 14991.66, 16349.58, 15281.7, 15600.61, 17243.74, 16734.41, 16548.6, 16194.32, 16112.91, 15397.67, 15810.58, 16535.41, 16179.37, 15474.6, 15911.64, 16199.78, 16401.64, 16943.88, 16233.61, 16298.19, 15684.24, 16752.95, 16524.74, 16037.44, 14790.59, 16204.5, 16981.95, 14991.44, 15030.96, 16177.06, 15471.75, 16300.04, 15290.27, 16062.39, 15767.16, 16379.05, 15700.42, 15553.8, 16216.45, 16504.76, 16482.84, 15246.61, 16896.15, 16154.43, 15720.14, 15743.83, 16682.76, 16438.77, 15701.58, 15583.17, 16835.89, 16786.3, 15952.15, 16197.45, 15779.36, 15478.92, 16044.34, 16462.11, 15422.04, 15048.95, 15754.5, 16079.66, 15196.09, 16849.38, 15683.28, 15687.96, 14994.15, 15462.83, 17104.81, 15963.77, 15722.57, 15829.0, 16256.07, 16333.82, 15228.87, 16120.58, 15582.48, 16088.21, 16091.23, 16893.71, 15544.47, 16164.69, 16848.15, 15596.84]

Voters Validation Mean Error:
[127.61, 126.44, 125.44, 125.98, 126.48, 129.96, 117.78, 121.73, 127.89, 124.43, 122.03, 123.77, 124.98, 130.54, 129.7, 127.28, 124.13, 123.22, 124.76, 130.38, 129.59, 126.44, 125.09, 122.77, 127.85, 126.33, 122.73, 129.11, 121.4, 124.21, 128.23, 126.78, 126.97, 132.42, 124.52, 123.82, 127.42, 126.19, 130.01, 121.87, 129.48, 122.83, 123.71, 129.19, 127.92, 126.01, 125.55, 124.21, 121.59, 126.46, 126.73, 126.01, 123.6, 127.75, 126.42, 123.21, 125.7, 123.17, 126.26, 129.95, 130.59, 129.7, 129.56, 128.26, 132.02, 133.93, 124.48, 129.27, 128.79, 125.7, 130.31, 126.98, 124.51, 125.68, 124.61, 130.17, 126.06, 126.9, 122.85, 126.31, 127.79, 128.34, 127.54, 125.09, 126.05, 129.79, 125.24, 129.15, 126.72, 127.89, 122.08, 129.71, 124.87, 133.51, 126.14, 127.18, 121.75, 126.51, 128.19, 123.25, 132.68, 124.15, 123.75, 129.41, 129.48, 125.97, 128.77, 128.2, 124.96, 124.73, 124.7, 130.61, 129.34, 126.6, 126.25, 126.19, 127.78, 124.48, 125.47, 126.15, 125.81, 123.51, 123.17, 127.62, 126.0, 126.11, 124.47, 121.07, 128.8, 122.34, 124.82, 126.4, 128.19, 130.54, 127.74, 126.97, 127.0, 129.04, 128.26, 127.74, 128.62, 132.41, 130.19, 122.91, 127.17, 125.09, 125.08, 125.77, 125.77, 127.54, 125.83, 125.64, 129.8, 130.23, 128.86, 125.12, 127.19, 125.3, 132.45, 128.76, 129.08, 130.49, 130.2, 126.05, 124.31, 125.63, 129.81, 128.16, 128.76, 129.21, 122.36, 126.55, 120.06, 125.64, 129.94, 128.24, 129.54, 127.49, 127.09, 125.49, 127.55, 127.6, 127.63, 127.0, 129.64, 125.91, 129.03, 125.77, 127.7, 123.65, 129.78, 127.48, 123.91, 124.24, 127.44, 124.77, 130.06, 129.67, 125.85, 127.52, 122.96, 126.05, 125.59, 126.59, 127.7, 131.11, 130.01, 123.81, 127.91, 128.41, 124.05, 126.1, 126.66, 125.54, 122.95, 124.51, 126.7, 129.67, 128.83, 127.06, 122.55, 127.41, 124.64, 123.3, 125.52, 126.91, 126.55, 131.49, 125.73, 125.29, 127.13, 124.74, 129.24, 125.68, 124.22, 126.83, 127.33, 123.64, 127.98, 125.37, 123.84, 123.58, 127.29, 127.47, 123.52, 130.27, 125.47, 123.17, 128.13, 124.01, 127.98, 128.18, 122.36, 126.61, 121.73, 126.9, 126.22, 127.38, 124.72, 129.87, 129.86, 124.45, 129.42, 126.44, 125.56, 125.72, 127.4, 127.16, 129.25, 129.67, 124.26, 122.46, 128.62, 123.69, 120.83, 126.28, 126.82, 124.72, 125.0, 125.84, 120.37, 126.2, 126.23, 125.43, 127.49, 126.09, 124.46, 123.46, 128.8, 130.78, 127.6, 126.32, 125.48, 128.18, 121.22, 122.18, 126.02, 127.68, 131.95, 125.08, 124.95, 125.04, 123.57, 123.47, 126.53, 123.8, 126.71, 126.47, 122.93, 124.14, 125.63, 127.98, 125.5, 124.87, 124.81, 126.47, 130.94, 120.65, 129.3, 125.13, 131.35, 128.54, 122.75, 124.25, 127.37, 126.65, 128.46, 127.92, 127.27, 128.05, 124.75, 123.0, 126.66, 124.14, 124.05, 128.32, 126.4, 125.07, 130.06, 130.82, 129.29, 126.45, 126.04, 126.96, 127.19, 129.95, 128.47, 127.52, 128.39, 125.67, 123.29, 127.37, 126.99, 121.7, 128.58, 128.92, 127.18, 127.55, 125.82, 127.9, 133.56, 124.12, 124.77, 123.45, 123.91, 126.58, 129.14, 125.42, 125.85, 129.65, 128.05, 126.89, 128.9, 126.03, 128.18, 128.64, 128.94, 131.73, 129.55, 123.43, 125.06, 124.43, 126.16, 127.66, 130.2, 124.26, 122.63, 124.27, 124.65, 128.83, 130.61, 126.42, 127.56, 125.97, 124.88, 127.93, 123.94, 124.42, 126.55, 127.9, 123.95, 130.05, 127.17, 124.76, 125.46, 124.41, 127.55, 124.03, 129.87, 126.77, 130.93, 123.27, 131.65, 125.35, 130.44, 127.74, 126.09, 126.64, 127.41, 124.57, 122.45, 122.08, 124.81, 125.24, 131.31, 124.59, 126.44, 124.87, 126.16, 127.92, 124.71, 126.31, 129.16, 126.51, 127.07, 126.89, 121.86, 126.92, 128.81, 131.68, 128.18, 125.69, 129.07, 131.83, 131.4, 124.49, 126.78, 127.63, 125.33, 128.73, 119.64, 125.2, 125.96, 127.39, 123.76, 126.01, 130.97, 127.57, 128.97, 125.21, 125.22, 127.76, 131.35, 128.05, 127.15, 126.86, 128.55, 128.5, 128.26, 121.81, 122.03, 124.86, 121.8, 125.15, 127.19, 124.89, 128.9, 125.78, 127.38, 125.6, 127.52, 122.34, 123.51, 123.99, 122.64, 128.85, 126.35, 127.05, 123.69, 129.03, 122.26, 129.73, 126.57, 125.97, 131.08, 130.79, 131.77, 129.73, 125.22, 130.58, 126.64, 130.08, 127.15, 123.07, 127.49, 128.35, 127.09, 127.78, 123.46, 124.0, 126.5, 127.0, 128.71, 124.94, 127.88, 127.22, 125.42, 127.52, 127.63, 122.28, 125.41, 124.42, 126.38, 126.94, 127.08, 132.03, 124.47, 126.01, 127.78, 129.09, 125.51, 125.37, 126.46, 132.09, 126.15, 127.96, 133.74, 129.1, 128.32, 121.96, 126.43, 129.38, 130.43, 126.86, 125.22, 123.67, 124.94, 122.66, 124.61, 129.62, 130.05, 128.19, 122.18, 126.28, 123.6, 128.5, 124.47, 127.98, 126.13, 122.72, 125.89, 126.76, 124.65, 133.99, 127.68, 127.31, 122.68, 124.17, 131.18, 123.83, 131.19, 127.53, 126.96, 122.94, 126.0, 127.26, 129.19, 125.5, 124.6, 126.01, 127.4, 127.46, 128.98, 120.87, 129.6, 128.66, 125.82, 127.95, 127.11, 121.57, 125.22, 127.35, 125.9, 127.46, 127.7, 124.85, 124.39, 127.03, 127.26, 125.07, 122.5, 130.95, 124.23, 130.87, 125.43, 131.1, 127.2, 131.82, 130.38, 125.83, 130.66, 128.2, 123.25, 124.81, 124.82, 124.74, 127.05, 126.95, 126.54, 123.22, 126.83, 130.72, 127.07, 121.63, 124.44, 124.23, 128.69, 127.26, 129.52, 131.31, 126.42, 124.67, 127.2, 124.78, 127.63, 126.45, 126.09, 126.61, 126.54, 131.06, 126.99, 128.15, 129.05, 122.98, 127.19, 122.5, 128.17, 129.22, 127.36, 128.01, 124.3, 125.23, 126.22, 123.68, 121.85, 127.15, 128.24, 125.01, 124.51, 124.48, 128.08, 126.02, 127.18, 130.26, 123.33, 125.28, 122.44, 127.87, 123.62, 124.9, 131.32, 129.36, 128.64, 127.26, 126.94, 124.09, 125.74, 128.59, 127.2, 124.4, 126.14, 127.28, 128.07, 130.17, 127.41, 127.66, 125.24, 129.43, 128.55, 126.64, 121.62, 127.3, 130.31, 122.44, 122.6, 127.19, 124.39, 127.67, 123.65, 126.74, 125.57, 127.98, 125.3, 124.71, 127.34, 128.47, 128.39, 123.48, 129.99, 127.1, 125.38, 125.47, 129.16, 128.21, 125.31, 124.83, 129.75, 129.56, 126.3, 127.27, 125.62, 124.41, 126.67, 128.3, 124.19, 122.67, 125.52, 126.81, 123.27, 129.81, 125.23, 125.25, 122.45, 124.35, 130.79, 126.35, 125.39, 125.81, 127.5, 127.8, 123.41, 126.97, 124.83, 126.84, 126.85, 129.98, 124.68, 127.14, 129.8, 124.89]

numCandiates : 20
numVoters : 750
numElections : 750
columnBlindness : 8
epochs : 166
trainableLayerCount : 1
crowdBuildMethod : {'name': 'standardDistribution', 'mean': 16000, 'standardDeviation': 666}
dataSetName : mySynthetic
predictedFeature : y

========= SIMULATION RESULTS ========
Metrics                                                 meanWinnerRank  rateTrueWinners  rateWinner<NULL
Algorithms                                                                                              
MyVoteSys <α=0.50, β=0.33, γ=0.66, MaxEntropy>                1.276000         0.796000         0.000000
MyVoteSys <α=0.50, β=0.33, γ=0.66, Last>                      1.277333         0.796000         0.000000
MyVoteSys <α=0.50, β=____, γ=0.66, MaxEntropy>                1.278667         0.796000         0.000000
MyVoteSys <α=0.66, β=____, γ=0.80, MinEntropy>                1.280000         0.796000         0.000000
MyVoteSys <α=0.50, β=____, γ=0.66, Last>                      1.280000         0.796000         0.000000
MyVoteSys <α=0.66, β=____, γ=____, First>                     1.280000         0.796000         0.000000
MyVoteSys <α=0.66, β=____, γ=0.80, First>                     1.280000         0.796000         0.000000
MyVoteSys <α=0.66, β=____, γ=____, MinEntropy>                1.280000         0.796000         0.000000
MyVoteSys <α=0.50, β=____, γ=0.66, MinVariance>               1.282667         0.792000         0.000000
MyVoteSys <α=0.50, β=0.33, γ=0.66, MinVariance>               1.282667         0.792000         0.000000
MyVoteSys <α=0.50, β=0.33, γ=0.80, MaxStDev>                  1.292000         0.786667         0.000000
MyVoteSys <α=0.50, β=0.33, γ=0.80, MaxVariance>               1.292000         0.786667         0.000000
MyVoteSys <α=0.50, β=0.33, γ=____, MaxVariance>               1.292000         0.786667         0.000000
MyVoteSys <α=0.50, β=0.33, γ=____, MaxStDev>                  1.292000         0.786667         0.000000
MyVoteSys <α=0.50, β=0.33, γ=0.66, MaxStDev>                  1.293333         0.785333         0.000000
MyVoteSys <α=0.50, β=0.33, γ=0.66, MaxVariance>               1.293333         0.785333         0.000000
MyVoteSys <α=0.50, β=____, γ=0.66, MaxStDev>                  1.297333         0.785333         0.000000
MyVoteSys <α=0.50, β=____, γ=0.66, MaxVariance>               1.297333         0.785333         0.000000
MyVoteSys <α=0.50, β=0.33, γ=0.80, First>                     1.300000         0.780000         0.000000
MyVoteSys <α=0.50, β=____, γ=0.66, First>                     1.300000         0.780000         0.000000
MyVoteSys <α=0.50, β=0.33, γ=0.66, First>                     1.300000         0.780000         0.000000
MyVoteSys <α=0.50, β=____, γ=0.80, First>                     1.300000         0.780000         0.000000
MyVoteSys <α=0.50, β=____, γ=____, First>                     1.300000         0.780000         0.000000
MyVoteSys <α=0.50, β=0.33, γ=____, First>                     1.300000         0.780000         0.000000
MyVoteSys <α=0.50, β=____, γ=0.80, MaxStDev>                  1.301333         0.789333         0.000000
MyVoteSys <α=0.50, β=____, γ=0.80, MaxVariance>               1.301333         0.789333         0.000000
MyVoteSys <α=0.50, β=0.33, γ=0.66, MinEntropy>                1.301333         0.780000         0.000000
MyVoteSys <α=0.50, β=____, γ=0.80, MinEntropy>                1.301333         0.780000         0.000000
MyVoteSys <α=0.50, β=0.33, γ=____, MinEntropy>                1.301333         0.780000         0.000000
MyVoteSys <α=0.50, β=____, γ=0.66, MinEntropy>                1.301333         0.780000         0.000000
MyVoteSys <α=0.50, β=____, γ=____, MinEntropy>                1.301333         0.780000         0.000000
MyVoteSys <α=0.50, β=0.33, γ=0.80, MinEntropy>                1.301333         0.780000         0.000000
MyVoteSys <α=0.50, β=0.33, γ=0.80, MinVariance>               1.340000         0.760000         0.000000
MyVoteSys <α=0.50, β=0.33, γ=0.80, MaxEntropy>                1.345333         0.762667         0.000000
MyVoteSys <α=0.50, β=0.33, γ=0.80, Last>                      1.345333         0.762667         0.000000
MyVoteSys <α=0.50, β=0.33, γ=____, MinVariance>               1.346667         0.756000         0.000000
MyVoteSys <α=0.66, β=____, γ=0.80, MaxVariance>               1.350667         0.777333         0.000000
MyVoteSys <α=0.66, β=____, γ=0.80, MaxStDev>                  1.350667         0.777333         0.000000
MyVoteSys <α=0.50, β=0.33, γ=____, Last>                      1.356000         0.752000         0.000000
MyVoteSys <α=0.50, β=0.33, γ=____, MaxEntropy>                1.356000         0.752000         0.000000
MaxStandardDeviationWeightedSumWins<α=0>                      1.364000         0.762667         0.000000
MaxVarianceWeightedSumWins<α=0>                               1.366667         0.762667         0.000000
MyVoteSys <α=0.50, β=____, γ=0.80, MinVariance>               1.410667         0.749333         0.000000
MaxVarianceWeightedSumWins<α=0.5>                             1.412000         0.753333         0.000000
MyVoteSys <α=0.66, β=0.33, γ=____, First>                     1.433333         0.780000         0.000000
MyVoteSys <α=0.66, β=0.33, γ=0.80, MinEntropy>                1.433333         0.780000         0.000000
MyVoteSys <α=0.66, β=0.33, γ=0.80, First>                     1.433333         0.780000         0.000000
MyVoteSys <α=0.66, β=0.33, γ=____, MinEntropy>                1.433333         0.780000         0.000000
MaxStandardDeviationWeightedSumWins<α=0.5>                    1.436000         0.741333         0.000000
MyVoteSys <α=0.66, β=____, γ=0.80, MinVariance>               1.441333         0.752000         0.000000
MyVoteSys <α=0.66, β=0.33, γ=0.80, MaxVariance>               1.442667         0.778667         0.000000
MyVoteSys <α=0.66, β=0.33, γ=0.80, MaxStDev>                  1.442667         0.778667         0.000000
MyVoteSys <α=0.66, β=0.33, γ=____, MaxStDev>                  1.445333         0.777333         0.000000
MyVoteSys <α=0.66, β=0.33, γ=____, MaxVariance>               1.445333         0.777333         0.000000
MyVoteSys <α=0.50, β=____, γ=____, MinVariance>               1.478667         0.734667         0.001333
MyVoteSys <α=0.66, β=0.33, γ=0.80, MinVariance>               1.493333         0.746667         0.000000
MyVoteSys <α=0.66, β=0.33, γ=____, MinVariance>               1.500000         0.742667         0.000000
MyVoteSys <α=0.66, β=0.33, γ=0.80, Last>                      1.501333         0.746667         0.000000
MyVoteSys <α=0.66, β=0.33, γ=0.80, MaxEntropy>                1.501333         0.746667         0.000000
MaxVarianceProportionalWeightedSumWins<α=0>                   1.510667         0.716000         0.001333
MyVoteSys <α=0.66, β=0.33, γ=____, Last>                      1.512000         0.736000         0.000000
MyVoteSys <α=0.66, β=0.33, γ=____, MaxEntropy>                1.512000         0.736000         0.000000
MaxVarianceProportionalWeightedSumWins<α=0.5>                 1.513333         0.716000         0.001333
MaxStandardDeviationProportionalWeightedSumWins<α=0>          1.537333         0.704000         0.001333
MyVoteSys <α=0.66, β=____, γ=____, MinVariance>               1.542667         0.733333         0.002667
InstantRunoffVoting                                           1.544000         0.720000         0.004000
SingleTransferableVote                                        1.544000         0.720000         0.004000
PreferentialBlockVoting                                       1.544000         0.720000         0.004000
MaxStandardDeviationProportionalWeightedSumWins<α=0.5>        1.553333         0.700000         0.001333
MyVoteSys <α=0.66, β=____, γ=0.80, MaxEntropy>                1.554667         0.730667         0.000000
MyVoteSys <α=0.50, β=____, γ=0.80, MaxEntropy>                1.554667         0.730667         0.000000
MyVoteSys <α=0.80, β=____, γ=____, MinEntropy>                1.562667         0.730667         0.000000
MyVoteSys <α=0.66, β=____, γ=0.80, Last>                      1.562667         0.730667         0.000000
MyVoteSys <α=0.80, β=____, γ=____, First>                     1.562667         0.730667         0.000000
MyVoteSys <α=0.50, β=____, γ=0.80, Last>                      1.562667         0.730667         0.000000
MyVoteSys <α=0.80, β=____, γ=____, MinVariance>               1.717333         0.706667         0.002667
FirstPastThePost (but without tactical voting)                2.364000         0.505333         0.017333
MyVoteSys <α=0.66, β=____, γ=____, MaxStDev>                  2.741333         0.454667         0.045333
MyVoteSys <α=0.66, β=____, γ=____, Last>                      2.741333         0.454667         0.045333
MyVoteSys <α=0.50, β=____, γ=____, MaxEntropy>                2.741333         0.454667         0.045333
MyVoteSys <α=0.50, β=____, γ=____, MaxVariance>               2.741333         0.454667         0.045333
MyVoteSys <α=0.50, β=____, γ=____, Last>                      2.741333         0.454667         0.045333
MyVoteSys <α=0.80, β=____, γ=____, Last>                      2.741333         0.454667         0.045333
MyVoteSys <α=0.66, β=____, γ=____, MaxEntropy>                2.741333         0.454667         0.045333
MyVoteSys <α=0.80, β=____, γ=____, MaxVariance>               2.741333         0.454667         0.045333
MyVoteSys <α=0.80, β=____, γ=____, MaxStDev>                  2.741333         0.454667         0.045333
MyVoteSys <α=0.80, β=____, γ=____, MaxEntropy>                2.741333         0.454667         0.045333
MyVoteSys <α=0.66, β=____, γ=____, MaxVariance>               2.741333         0.454667         0.045333
MyVoteSys <α=0.50, β=____, γ=____, MaxStDev>                  2.741333         0.454667         0.045333
MyVoteSys <α=0.80, β=0.33, γ=____, MinEntropy>                3.585333         0.564000         0.000000
MyVoteSys <α=0.80, β=0.33, γ=____, First>                     3.585333         0.564000         0.000000
MyVoteSys <α=0.80, β=0.33, γ=____, MaxStDev>                  3.588000         0.560000         0.000000
MyVoteSys <α=0.80, β=0.33, γ=____, MaxVariance>               3.588000         0.560000         0.000000
MyVoteSys <α=0.80, β=0.33, γ=____, MinVariance>               3.592000         0.560000         0.000000
MyVoteSys <α=0.80, β=0.33, γ=____, Last>                      3.596000         0.553333         0.000000
MyVoteSys <α=0.80, β=0.33, γ=____, MaxEntropy>                3.596000         0.553333         0.000000
MinEntropyWeightedSumWins<α=0>                                6.441333         0.086667         0.230667
MinEntropyProportionalWeightedSumWins<α=0>                    6.441333         0.086667         0.230667
MinEntropyProportionalWeightedSumWins2<α=0>                   6.441333         0.086667         0.230667
MinEntropyWeightedSumWins2<α=0>                               6.441333         0.086667         0.230667
MinEntropyProportionalWeightedSumWins<α=0.5>                  6.446667         0.086667         0.230667
MinEntropyProportionalWeightedSumWins2<α=0.5>                 6.446667         0.086667         0.230667
MinEntropyWeightedSumWins<α=0.5>                              6.446667         0.086667         0.230667
MinEntropyWeightedSumWins2<α=0.5>                             6.446667         0.086667         0.230667

